# the format "i j k l" should correspond to SGM-NLsolver (i), direct-approximation (j), first iteration of 2-level approximation (k) and second iteration of 2-level approximation (l)
# the start do not respect this format since additional instances are launched at the start of each benchmark.

# log234
10 10 10 1 
3 3 3 1 
4 4 4 3 
3 3 3 1 
3 3 3 1 
6 6 6 2 
3 3 3 1 
3 3 3 2 
9 10 10 1 
2 2 2 2 
7 8 8 1 
10 10 10 1 
10 10 10 1 
8 8 8 1 
8 8 8 1 
3 3 3 2 
7 7 6 3 
9 9 9 1 
10 10 10 1 
10 10 10 1 
4 4 4 1 
10 10 10 1 
11 11 11 2 
8 8 8 1 
10 10 10 1 
10 10 10 1 
10 10 10 1 
8 8 8 2 
9 9 9 1 
10 10 10 1 
8 8 8 1 
10 10 10 1 
10 10 10 1 
10 10 10 1 
10 10 10 2 
11 11 11 1 
9 9 9 1 
10 11 11 1 
3 3 3 1 
9 10 10 1 
11 11 11 1 
10 10 10 1 
10 10 10 1 
10 11 11 1 
3 3 3 1 
9 10 10 1 
8 8 8 1 
9 10 10 2 
10 11 11 1 
10 10 10 1 
10 11 11 1 
11 11 11 1 
9 10 10 1 
10 11 11 1 
11 11 11 1 
8 9 9 1 
9 10 10 1 
11 11 11 1 
10 11 11 1 
10 10 10 1 
11 11 11 1 
9 9 9 2 9 
10 10 1 
10 10 10 1 
10 10 10 1 
9 10 10 1 
9 10 10 2 
11 12 12 1 
10 11 11 1 
9 9 9 2 
9 9 9 1 
11 11 11 1 
10 11 11 1 
8 9 9 1 
9 9 9 1 
10 11 11 1 
10 11 11 1 
11 11 11 1 
11 11 11 1 
10 10 10 1 
10 11 11 1 
10 11 11 1 
9 9 9 1 
9 10 10 1 
8 9 9 1 
11 11 11 1 
10 10 10 1 
10 10 10 1 
10 10 10 1 
11 11 11 1 
19 20 20 2 
14 14 14 4 
9 5 6 3 15 
17 17 1 
9 9 9 2 
13 13 13 1 
13 13 13 1 
15 17 17 1 
11 11 11 1 
14 14 14 2 
11 11 11 2 
17 18 18 1 
10 11 11 1 
16 16 16 2 
15 15 15 1 
16 16 16 1 
18 19 19 1 
15 17 17 1 
12 13 13 2 
14 14 14 1 
15 15 15 2 
16 17 17 2 
16 17 17 1 
9 10 10 3 
15 15 15 1 
11 11 11 1 
17 17 17 3 
17 18 18 1 
4 4 4 1 
15 16 16 1 
10 11 11 1 
17 18 18 2 
16 17 17 1 
11 12 12 1 
17 17 17 1 
15 17 17 3 
10 11 11 2 
17 17 17 2 
16 17 17 2 
18 18 18 1 
16 17 17 1 
15 15 15 2 
18 19 19 1 
17 17 17 1 
13 13 13 1 
18 18 18 2 
18 19 19 1 
23 23 23 1 
15 16 16 1 
11 11 11 1 
17 17 17 2 
17 17 17 1 
20 20 20 1 
16 16 16 1 
16 16 16 2 
18 18 18 1 
17 17 17 1 
17 17 17 1 
17 18 18 1 
17 17 17 1 
17 18 18 1 
16 16 16 1 
12 12 12 1 
17 18 18 1 
17 17 17 1 
16 17 17 1 
17 18 18 1 
18 18 18 1 
16 16 16 2 
18 19 19 1 
16 16 16 1 
17 17 17 1 
18 20 20 1 
18 20 20 1 
16 16 16 1 
17 17 17 1 
15 16 16 1 
16 18 18 1 
17 17 17 1 
20 20 20 1 
17 17 17 1 
20 22 22 1 
17 18 18 2 
17 18 18 1 
17 17 17 2 
18 20 20 1 
17 17 17 1 
17 18 18 1 
17 17 17 1 
17 17 17 1 
18 18 18 1 
11 11 11 1 
18 15 15 1 
23 24 24 3 
19 19 19 3 
19 19 19 1 
5 5 5 2 14 
15 15 1 24 
26 26 1 19 
19 19 1 15 
15 15 1 12 
13 13 1 27 
29 29 1 
16 16 16 1 
16 19 19 1 
11 11 11 1 
35 36 35 1 
21 21 21 1 
17 18 18 2 
23 23 23 1 
27 27 27 1 
22 22 22 1 
34 34 34 1 
21 22 22 1 
37 29 29 1 
18 18 18 1 
18 18 18 3 
20 20 20 2 
23 23 23 1 
18 19 19 1 
23 25 25 1 
31 33 30 1 
21 21 21 4 
23 24 24 1 
23 23 23 1 
26 26 26 1 
25 25 25 1 
17 17 17 1 
21 21 21 2 
23 24 24 2 
16 16 16 1 
16 17 17 4 
23 23 23 1 
26 27 27 2 
25 25 25 1 
18 18 18 1 
20 20 20 3 
26 26 26 1 
23 23 23 1 
28 29 29 1 
26 28 28 1 
32 32 32 1 
30 31 31 1 
18 19 19 1 
23 23 23 1 
21 21 21 1 
27 27 27 1 
22 22 22 1 
26 26 26 1 
23 23 23 3 
21 21 21 2 
26 26 26 1 
23 24 24 1 
24 27 27 1 
29 30 30 2 
23 23 23 1 
24 26 26 1 
24 25 25 2 
25 25 25 1 
26 26 26 1 
30 30 30 2 
28 29 29 2 
21 22 22 1 
26 28 28 1 
23 25 25 1 
30 30 30 1 
26 27 27 3 
24 25 25 2 
23 24 24 1 
29 29 29 1 
27 27 27 1 
27 28 28 4 
33 33 33 1 
26 26 26 1 
31 33 33 1 
24 25 25 3 
26 28 28 3 
28 29 29 1 
23 23 23 2 
24 25 25 2 

# log567 1:30:end
17 17 17 2 
33 33 33 1 
33 32 32 1 
21 20 20 3 
30 30 31 3 
40 42 42 1 
6 6 6 1 
41 44 44 1 
59 60 60 1 
9 9 1 
8 
8 
17 
17 17 17 2 
17 17 17 1 
31 33 33 1 
33 33 33 1 
34 50 36 2 
12 17 17 1 
33 32 32 1 
31 34 34 1 
37 34 34 1 
21 20 20 3 
21 16 16 1 
31 34 34 2 
30 30 31 3 
24 25 25 1 
36 37 37 1 
40 42 42 1 
49 57 54 1 
50 37 37 1 
6 6 6 1 
88 38 38 1 
26 28 28 1 
41 44 44 1 
39 42 41 1 
30 30 30 1 
59 60 60 1 
60 44 44 1 
46 128 