IP_Param
IP_Param::C
10	10	5
0	0	1
2	0	-0.05
1	1	0.5
2	1	-0.1
2	2	25

IP_Param::B
30	10	54
10	0	1
20	0	-1
11	1	1
21	1	-1
0	2	1
1	2	-1
12	2	1
22	2	-1
2	3	1
3	3	-1
13	3	1
23	3	-1
4	4	1
5	4	-1
14	4	1
24	4	-1
4	5	-0.2
5	5	0.2
6	5	1
7	5	-1
9	5	1
15	5	1
25	5	-1
0	6	-0.813864
1	6	0.813864
2	6	-1.11785
3	6	1.11785
6	6	1
7	6	-1
8	6	1
16	6	1
26	6	-1
0	7	-0.813864
1	7	0.813864
2	7	-1.11785
3	7	1.11785
6	7	1
7	7	-1
9	7	1
17	7	1
27	7	-1
0	8	-0.918367
1	8	0.918367
2	8	-2.62224
3	8	2.62224
6	8	1
7	8	-1
8	8	1
18	8	1
28	8	-1
8	9	-1
9	9	1
19	9	1
29	9	-1

IP_Param::b
30
0
-0
0
-0
0
-0
1
-1
0
1
100
100
0.918367
1e+50
1e+50
1e+50
1e+50
1e+50
1e+50
1
-0
-0
-0
-0
-0
-0
-0
-0
-0
-0

IP_Param::c
10
-94
-194
-75
1
-1
0
0
0
0
0

IP_Param::Integers
1
9

IP_Param::Bounds
10	2	10
0	1	100
1	1	100
2	1	0.918367
3	1	1e+50
4	1	1e+50
5	1	1e+50
6	1	1e+50
7	1	1e+50
8	1	1e+50
9	1	1

