CyberSecurityNL-2_2_1_Ab:0.059768999999999996 0.050327 0.120081 0.15412599999999999 0.09727799999999999 0.151974 0.07310699999999999 0.15298 0.132959 0.170981 0.166078 0.229518 0.164553 
CyberSecurityNL-2_2_2_Ab:0.051116999999999996 0.012405 0.025981999999999998 0.010603 0.024811 
CyberSecurityNL-2_2_3_Ab:0.111038 0.06836199999999999 0.027537 0.100218 0.030462999999999997 0.09894399999999999 
CyberSecurityNL-2_2_4_Ab:0.099453 0.045332 0.074358 0.042942999999999995 0.07453 
CyberSecurityNL-2_2_5_Ab:0.046919999999999996 0.027254999999999998 0.393802 0.016907 0.37534999999999996 
CyberSecurityNL-2_2_6_Ab:0.04033 0.052994 0.134869 0.345406 0.156382 0.050286 0.07764 0.009523 0.077625 
CyberSecurityNL-2_2_7_Ab:0.058415999999999996 0.07326099999999999 0.020933999999999998 0.056978 0.021370999999999998 0.055765999999999996 
CyberSecurityNL-2_2_8_Ab:0.19094799999999998 0.062079999999999996 0.026253 0.10139 0.025324 
CyberSecurityNL-2_2_9_Ab:0.175255 0.01934 0.46713 0.335819 0.7205469999999999 0.60788 0.661324 0.21831399999999998 0.6006 0.649894 0.75723 0.6565369999999999 
CyberSecurityNL-2_2_10_A:0.067413 0.023738 0.05601 0.011035 0.056697 
CyberSecurityNL-2_3_1_Ab:0.047608 0.073864 0.49902199999999997 0.134981 0.42330399999999996 0.128014 0.578283 0.142629 0.233706 0.14283099999999999 
CyberSecurityNL-2_3_2_Ab:0.056029999999999996 0.06735 0.44500999999999996 0.11785799999999999 0.412981 0.354597 0.449636 0.43626099999999995 0.46136099999999997 0.476612 0.610166 0.27380699999999997 0.6151139999999999 
CyberSecurityNL-2_3_3_Ab:0.047434 0.118654 0.343236 0.13457 0.342596 0.363759 0.32564899999999997 0.391907 0.301325 0.622616 0.304944 0.786574 0.317503 
CyberSecurityNL-2_3_4_Ab:0.080153 0.10149899999999999 0.771096 0.357093 0.6030519999999999 0.20854899999999998 0.721131 0.154271 0.8661359999999999 0.145342 0.904821 
CyberSecurityNL-2_3_5_Ab:0.033713 0.138645 0.364602 0.303079 0.19292099999999998 0.13646999999999998 0.19147399999999998 0.13669699999999999 0.217938 0.159155 0.225127 
CyberSecurityNL-2_3_6_Ab:0.278982 0.11300299999999999 0.33902699999999997 0.137773 0.378191 
CyberSecurityNL-2_3_7_Ab:0.098103 0.09859899999999999 0.210502 1.027701 0.45851699999999995 0.740128 0.11015799999999999 0.627715 0.10657 
CyberSecurityNL-2_3_8_Ab:0.120796 0.174124 0.18112 1.009486 0.400767 0.775897 0.359939 0.493901 0.427184 0.466927 0.44053699999999996 0.5238659999999999 
CyberSecurityNL-2_3_9_Ab:0.058526999999999996 0.09826399999999999 0.34607499999999997 0.428345 0.494367 0.743055 0.6733629999999999 0.5156109999999999 0.565888 0.56136 0.482039 0.7347009999999999 0.482045 
CyberSecurityNL-2_3_10_A:0.023753 0.10214999999999999 0.43826 0.790864 0.202122 0.541666 0.5774859999999999 0.52903 0.6726599999999999 0.5630459999999999 0.5783969999999999 0.609934 0.5793889999999999 
CyberSecurityNL-2_4_1_Ab:0.442868 2.548258 0.18631699999999998 0.421178 0.562124 0.42402999999999996 0.561057 
CyberSecurityNL-2_4_2_Ab:0.093778 0.066547 0.5486639999999999 0.6424489999999999 0.304043 0.49734799999999996 0.325032 0.48036199999999996 0.24640399999999998 0.17996099999999998 0.243085 0.6509849999999999 0.24875499999999998 
CyberSecurityNL-2_4_3_Ab:0.12917399999999998 0.365622 0.24107099999999998 0.385076 0.248162 0.297987 0.297801 0.52845 0.367675 0.38228799999999996 0.525085 0.36952799999999997 0.321609 0.37157199999999996 
CyberSecurityNL-2_4_4_Ab:0.12300799999999999 0.046128999999999996 0.262685 0.46313499999999996 0.430063 0.743027 0.336102 0.666022 0.34302699999999997 0.490817 0.339769 
CyberSecurityNL-2_4_5_Ab:0.122413 0.11785599999999999 0.38095599999999996 0.55972 0.37643699999999997 0.649856 0.352201 0.6328269999999999 0.349969 0.653183 0.348559 0.660234 0.350821 
CyberSecurityNL-2_4_6_Ab:0.147092 0.060564999999999994 0.47135 0.342609 0.395709 0.6562439999999999 0.273064 0.607895 0.550032 1.035421 0.282924 0.857609 0.283124 
CyberSecurityNL-2_4_7_Ab:0.107624 0.215368 0.550369 0.42325599999999997 0.38567599999999996 0.255009 0.364998 0.444362 0.49282 0.45880499999999996 0.454105 0.344188 0.45348099999999997 
CyberSecurityNL-2_4_8_Ab:0.117674 0.128266 0.403203 0.642161 0.282782 0.30170399999999997 0.23044199999999998 0.271162 0.44806999999999997 0.38962399999999997 0.384272 
CyberSecurityNL-2_4_9_Ab:0.36353599999999997 0.455429 0.487712 0.520848 0.411945 0.522412 0.90045 0.804835 0.5136769999999999 0.611015 0.47208 0.601043 
CyberSecurityNL-2_4_10_A:0.26753299999999997 0.13838799999999998 0.42652199999999996 0.335738 0.250509 0.507548 0.336416 0.3835 0.335792 0.438563 0.343095 0.343621 0.342068 
CyberSecurityNL-2_5_1_Ab:0.591494 1.049514 0.742841 0.731533 0.51766 0.563847 0.344278 0.442845 0.555464 0.43606999999999996 0.5613319999999999 
CyberSecurityNL-2_5_2_Ab:0.23995799999999998 0.378396 0.258637 0.275784 0.41517099999999996 0.318445 0.25790399999999997 0.30904699999999996 0.253087 0.312909 0.36604699999999996 0.45943 0.361515 
CyberSecurityNL-2_5_3_Ab:0.669759 0.17165999999999998 0.8408869999999999 0.6461669999999999 0.452791 0.42128099999999996 0.45025699999999996 0.46640699999999996 0.472502 0.454028 0.435106 0.43307799999999996 0.427006 
CyberSecurityNL-2_5_4_Ab:0.101588 0.19964099999999999 0.395752 0.605803 0.526917 0.490319 0.537714 0.481014 0.4385 0.610409 0.334208 0.514348 0.341896 
CyberSecurityNL-2_5_5_Ab:0.8326169999999999 0.77189 0.639309 0.379623 0.423911 0.369699 0.531081 0.418719 0.6332599999999999 0.331604 0.458908 0.41040099999999996 0.443468 
CyberSecurityNL-2_5_6_Ab:1.031037 0.772623 0.337725 0.46808299999999997 0.415651 0.451424 0.39407899999999996 0.424145 0.562612 0.361855 0.384527 0.39366 0.377731 0.387314 
CyberSecurityNL-2_5_7_Ab:0.940742 0.362855 0.536226 0.6856749999999999 0.395989 0.48464799999999997 0.529268 0.323845 0.49950799999999995 0.454131 0.7516229999999999 0.452202 
CyberSecurityNL-2_5_8_Ab:0.108114 1.242634 0.487403 0.542014 0.645945 0.676379 0.6103569999999999 0.329656 0.611835 0.47508399999999995 0.569413 0.329206 0.568745 
CyberSecurityNL-2_5_9_Ab:1.41506 0.6413679999999999 0.563029 0.632786 0.432488 0.621385 
CyberSecurityNL-2_5_10_A:0.583544 0.105238 0.349176 0.40483199999999997 0.286842 0.783025 0.330458 0.796391 0.301516 0.870616 0.359522 0.874282 
CyberSecurityNL-2_6_1_Ab:0.771211 1.227654 0.5819099999999999 0.44583 0.564673 0.534998 0.459704 0.918076 0.452119 0.6062219999999999 0.490129 0.45049799999999995 0.396595 0.44956599999999997 
CyberSecurityNL-2_6_2_Ab:1.547337 0.310843 0.56463 0.865254 0.5420769999999999 1.037445 0.537104 0.724175 0.557859 0.8237369999999999 0.64033 0.382772 0.642114 
CyberSecurityNL-2_6_3_Ab:0.9827539999999999 2.09642 0.7437389999999999 0.5415789999999999 0.62478 0.40123 0.485682 0.45392099999999996 0.551057 0.621649 0.48600499999999996 0.47828899999999996 0.495289 
CyberSecurityNL-2_6_4_Ab:0.296189 0.239524 0.659373 0.6892969999999999 0.5293329999999999 0.6228319999999999 0.500665 0.540439 0.6897139999999999 0.513446 0.857509 0.6856869999999999 0.940396 
CyberSecurityNL-2_6_5_Ab:1.075642 1.279427 0.896023 0.8929619999999999 0.889663 
CyberSecurityNL-2_6_6_Ab:0.6320129999999999 0.130716 0.621746 0.396623 0.633587 0.447924 0.610038 0.46094399999999996 0.45312399999999997 0.44314699999999996 0.695519 0.44326699999999997 
CyberSecurityNL-2_6_7_Ab:1.112415 1.306149 0.790694 0.7744369999999999 0.754284 0.48972299999999996 0.49962399999999996 0.6805979999999999 0.770444 0.444557 0.7768609999999999 
CyberSecurityNL-2_6_8_Ab:0.8886839999999999 0.547599 0.724625 0.751427 0.600432 0.72836 0.630601 0.715082 0.508255 0.668724 0.662763 0.670713 
CyberSecurityNL-2_6_9_Ab:1.11387 1.243203 0.740208 0.769733 0.64303 0.884894 0.5935849999999999 0.677762 0.461804 0.562808 0.836055 0.923263 0.8495459999999999 
CyberSecurityNL-2_6_10_A:0.780816 2.249011 0.759338 0.6002 0.8722799999999999 0.558767 0.555779 0.576203 0.753208 0.44636299999999995 0.6985669999999999 0.618234 0.70644 
CyberSecurityNL-2_7_1_Ab:0.9936579999999999 2.150914 0.820388 0.532625 0.762861 0.746409 0.8413529999999999 0.579382 0.687442 0.6046969999999999 0.730254 0.6331519999999999 0.727066 
CyberSecurityNL-2_7_2_Ab:1.829693 1.224621 0.6321319999999999 1.017707 0.605107 0.796497 0.736591 0.709402 0.776948 0.725472 1.018928 0.7246929999999999 1.103329 0.68163 
CyberSecurityNL-2_7_3_Ab:0.690789 1.242354 0.772025 0.766419 0.712449 0.661245 0.7350599999999999 0.723503 0.930809 0.7244419999999999 0.7343609999999999 0.6465949999999999 
CyberSecurityNL-2_7_4_Ab:1.330854 1.250918 0.830374 0.851429 0.8048449999999999 0.834911 0.9057719999999999 0.704639 0.8142149999999999 1.178746 0.725227 0.729753 0.7382289999999999 
CyberSecurityNL-2_7_5_Ab:1.7861150000000001 0.87423 0.7455999999999999 0.556962 0.632925 0.612127 0.7612329999999999 0.43361 0.719455 0.6608459999999999 0.721012 0.556029 0.747016 0.556034 
CyberSecurityNL-2_7_6_Ab:1.092033 1.034689 0.8336089999999999 0.726634 0.762054 0.806186 0.8296549999999999 0.814176 0.758359 0.750305 0.761743 
CyberSecurityNL-2_7_7_Ab:0.852625 1.155581 1.156851 0.745297 1.08144 0.563842 1.066152 0.719564 0.90976 0.662646 0.9609719999999999 0.6608879999999999 
CyberSecurityNL-2_7_8_Ab:1.215531 1.915597 0.9747429999999999 0.559622 0.8197869999999999 0.83956 0.6779569999999999 0.6525599999999999 0.6739029999999999 0.8682179999999999 0.736068 0.7752359999999999 0.6460089999999999 0.7770579999999999 
CyberSecurityNL-2_7_9_Ab:0.392061 1.8185859999999998 0.681627 0.666102 0.926677 0.6667259999999999 0.646695 0.683265 0.9177919999999999 1.161174 0.772366 0.763394 0.7632049999999999 
CyberSecurityNL-2_7_10_A:0.91996 1.483413 0.802141 0.7927329999999999 0.713689 0.820275 0.581946 0.717191 0.709758 0.837205 0.528295 0.665577 0.5252669999999999 
CyberSecurityNL-2_8_1_Ab:1.33379 1.086825 0.9112119999999999 0.878181 0.6761389999999999 0.9412039999999999 0.707293 0.851935 0.637003 0.772901 0.898951 0.7970919999999999 0.7699819999999999 0.8093009999999999 
CyberSecurityNL-2_8_2_Ab:0.895798 1.5294699999999999 1.2779099999999999 0.9908389999999999 0.765401 0.9486249999999999 1.126879 0.8335889999999999 1.096822 0.785723 0.948391 0.791038 
CyberSecurityNL-2_8_3_Ab:1.119588 1.570071 1.205791 0.9041359999999999 0.9353849999999999 1.006231 0.758805 0.753705 1.09572 1.047759 0.9297289999999999 1.039361 
CyberSecurityNL-2_8_4_Ab:1.569433 1.460377 0.680981 1.135859 0.9032749999999999 1.172054 1.001637 1.064418 1.080767 1.339846 0.8740779999999999 1.075621 0.885241 
CyberSecurityNL-2_8_5_Ab:1.283117 1.030647 0.7949189999999999 0.7271869999999999 0.7601939999999999 0.9201499999999999 0.743109 0.904835 0.8657509999999999 0.78343 1.268155 0.7732549999999999 1.273973 
CyberSecurityNL-2_8_6_Ab:1.138868 1.356317 0.9291699999999999 0.848615 0.731514 0.8221339999999999 0.587419 0.968433 0.821718 0.788809 0.813031 0.7939149999999999 
CyberSecurityNL-2_8_7_Ab:0.747477 1.228891 1.139883 0.736505 1.153208 0.696549 1.02609 0.5827789999999999 0.870841 0.6493369999999999 1.345026 0.643173 
CyberSecurityNL-2_8_8_Ab:1.119385 1.235932 0.941201 1.006079 0.806188 1.094865 0.751756 1.054365 0.713792 0.965422 0.745347 1.103022 0.7067249999999999 1.093364 
CyberSecurityNL-2_8_9_Ab:1.021267 1.059325 1.300003 0.743333 1.15791 1.035872 0.926744 1.048355 1.401023 0.9954909999999999 1.114805 0.839537 1.116433 
CyberSecurityNL-2_8_10_A:0.824124 1.7417259999999999 0.984602 0.879728 0.7598469999999999 0.778959 0.80477 0.9976079999999999 0.881601 0.8340369999999999 0.786329 0.818097 
CyberSecurityNL-2_9_1_Ab:2.066067 1.414699 1.33511 1.076036 1.258278 1.258855 1.347242 1.164999 1.2405439999999999 1.043899 1.420011 1.050448 
CyberSecurityNL-2_9_2_Ab:1.595653 1.3808880000000001 1.296778 1.054474 1.236068 1.109717 1.432242 1.026006 1.347977 1.071701 0.999717 1.38249 1.247674 1.37174 
CyberSecurityNL-2_9_3_Ab:0.660436 0.979756 1.218928 0.9337789999999999 1.221947 1.055993 1.35773 0.954174 1.155754 1.330025 1.308786 0.9320649999999999 1.217825 
CyberSecurityNL-2_9_4_Ab:1.485064 1.772091 1.392999 1.12979 1.276211 1.17129 1.169181 1.138123 1.328198 1.278432 1.289826 
CyberSecurityNL-2_9_5_Ab:1.676397 2.458633 1.093974 1.233594 1.124944 1.413886 0.824661 1.272204 1.106754 1.380161 1.131895 1.420339 
CyberSecurityNL-2_9_6_Ab:1.893816 1.883565 1.359767 1.1607 1.081967 1.031465 0.915991 1.036088 1.275463 0.9528139999999999 1.07115 1.148382 1.08893 
CyberSecurityNL-2_9_7_Ab:1.343061 1.202787 1.339455 0.9225709999999999 1.194702 1.2978049999999999 1.131525 1.087249 0.8919119999999999 1.305288 1.274689 1.349425 1.274271 
CyberSecurityNL-2_9_8_Ab:2.125285 1.112771 1.541272 1.112354 1.264632 1.317857 1.084547 1.048112 1.3002989999999999 0.892237 1.060805 0.94605 1.304134 0.944627 
CyberSecurityNL-2_9_9_Ab:2.041136 1.22983 1.216457 0.846169 0.9768239999999999 0.992599 0.826988 0.9017449999999999 0.791642 1.013261 0.8506819999999999 1.11048 0.8023669999999999 1.115261 
CyberSecurityNL-2_9_10_A:1.152299 1.7363849999999998 1.6680519999999999 0.9598909999999999 1.935893 1.001712 1.3502399999999999 0.834386 1.83961 0.802368 1.576819 0.935102 1.576034 
CyberSecurityNL-2_10_1_A:1.454985 0.90615 2.648298 1.099245 1.5946509999999998 1.374561 1.568431 1.3284289999999999 1.58773 1.065922 1.9913210000000001 1.510468 1.824468 
CyberSecurityNL-2_10_2_A:1.811513 2.669411 1.757095 1.490784 1.269677 1.847885 1.149387 1.376242 1.059944 1.376427 1.148996 1.71092 1.14953 
CyberSecurityNL-2_10_3_A:2.030013 0.986131 1.8507159999999998 1.252594 1.666544 1.044285 1.586951 1.102162 1.651849 1.27633 1.525277 1.264431 
CyberSecurityNL-2_10_4_A:1.530723 2.328968 1.681479 1.496067 1.20417 1.141805 1.456166 1.455327 1.491212 1.384896 1.284374 1.379527 
CyberSecurityNL-2_10_5_A:1.087337 1.049736 1.459445 1.847938 1.449517 1.4378630000000001 1.54474 1.597459 1.2792620000000001 1.325933 1.275449 
CyberSecurityNL-2_10_6_A:1.657829 1.559421 1.496658 1.422289 1.1736010000000001 1.466584 1.001393 1.288289 1.169003 1.4227319999999999 1.1012 1.756645 1.249631 1.744816 
CyberSecurityNL-2_10_7_A:1.454569 1.390831 1.555853 0.926419 1.35184 1.411263 1.2696640000000001 1.073562 1.278328 1.176951 1.550298 1.320632 1.4657909999999998 
CyberSecurityNL-2_10_8_A:1.642287 1.009046 1.861159 1.285758 1.792779 1.228534 1.7117719999999998 1.5346009999999999 1.3468339999999999 1.102158 1.346193 1.182916 1.3399809999999999 
CyberSecurityNL-2_10_9_A:1.629289 0.546455 1.828348 1.264874 1.775458 1.278089 1.454965 1.401716 1.703243 1.172517 1.578438 1.140397 1.5926230000000001 
CyberSecurityNL-2_10_10_:1.282499 0.9106029999999999 1.613462 1.623643 1.80727 1.586437 1.433722 1.727223 1.342181 1.586889 1.07739 1.491465 1.413614 1.466498 
CyberSecurityNL-3_2_1_Ab:0.125858 0.011623999999999999 0.074492 0.01196 0.074566 0.118407 0.661924 0.066774 0.145944 0.062994 0.07965699999999999 0.355801 0.075918 0.06605799999999999 0.285217 0.06569699999999999 0.08324899999999999 0.18264899999999998 0.06565399999999999 0.07316099999999999 0.162111 0.070515 0.161406 0.072749 0.066314 
CyberSecurityNL-3_2_2_Ab:0.02716 0.063943 0.072743 0.01443 0.040819999999999995 0.051116999999999996 0.07178 0.039914 0.125606 0.030451 0.11993899999999999 0.030723 0.35764399999999996 0.03388 0.06512 0.030905 0.177254 0.030919 0.133666 0.031201999999999997 0.380801 0.031287999999999996 0.055458999999999994 0.031411 0.343968 0.031455 0.06454499999999999 0.346163 
CyberSecurityNL-3_2_3_Ab:0.043955999999999995 0.068474 0.078794 0.196911 0.031694 0.072693 0.328189 0.009578 0.17327299999999998 0.009132 0.112022 0.019653999999999998 0.170205 0.0065439999999999995 0.1252 0.006464999999999999 0.425732 0.006299 0.125895 0.006908 0.567971 0.00635 0.161523 0.006529 0.37557599999999997 0.006490999999999999 0.130573 0.37865899999999997 
CyberSecurityNL-3_2_4_Ab:0.037246999999999995 0.047661999999999996 0.054211999999999996 0.074111 0.24620499999999998 0.058983999999999995 0.34298 0.15384799999999998 0.088951 0.202043 0.166044 0.06569799999999999 0.15815099999999999 0.18492499999999998 0.177069 0.162182 0.340981 0.07796 0.156355 0.34258099999999997 
CyberSecurityNL-3_2_5_Ab:0.071325 0.050922999999999996 0.018422 0.072253 0.057952 0.057787 0.448217 0.064233 0.010241 0.358712 0.010483 0.012499 0.010475 0.099992 0.012315999999999999 
CyberSecurityNL-3_2_6_Ab:0.081109 0.051008 0.047153999999999995 0.025162999999999998 0.13108 0.504644 0.035753 0.13361 0.308653 0.03411 0.12661899999999998 0.282208 0.052749 0.137892 0.33793999999999996 0.047049999999999995 0.28915599999999997 0.139268 0.04717 
CyberSecurityNL-3_2_7_Ab:0.04933 0.138437 0.07886 0.044453 0.22932 0.06541999999999999 0.14282 0.152861 0.079952 0.099186 0.200709 0.078724 0.14628 0.19089 0.086792 0.149142 0.093183 0.16450199999999998 0.139683 
CyberSecurityNL-3_2_8_Ab:0.060146 0.069828 0.065125 0.061326 0.16108799999999998 0.141543 0.407398 0.368011 0.064077 0.307166 0.15607 0.074781 0.16126 0.14468699999999998 0.07099899999999999 0.179834 0.14574399999999998 0.08834299999999999 0.14770999999999998 0.14821499999999999 
CyberSecurityNL-3_2_9_Ab:0.050178999999999994 0.044316 0.061232999999999996 0.037586999999999995 0.341344 0.079346 0.352267 0.392682 0.34839899999999996 0.124416 0.545909 0.147174 0.15803899999999999 0.12786799999999998 0.123153 0.39178399999999997 0.15436 0.34358 0.139015 0.13164599999999999 0.135508 0.53774 0.138454 
CyberSecurityNL-3_2_10_A:0.068368 0.046955 0.055536999999999996 0.065381 0.12161899999999999 0.021618 0.13927799999999999 0.209426 0.021988999999999998 0.1396 0.083217 0.025994 0.13916399999999998 0.191716 0.029084 0.137063 0.1568 0.138429 0.027753 0.15763 
CyberSecurityNL-3_3_1_Ab:0.12452999999999999 0.052631 0.055261 0.010413 0.19000399999999998 0.470865 0.266438 0.184215 0.15500799999999998 0.298351 0.131608 0.821191 0.426419 0.434506 0.484247 0.541916 0.491732 0.885805 0.601733 0.419964 0.36908399999999997 0.8177639999999999 0.41958799999999996 
CyberSecurityNL-3_3_2_Ab:0.049748999999999995 0.065554 0.219554 0.464311 0.512447 0.320143 0.34412 0.5911569999999999 0.677415 0.343175 0.16252999999999998 0.587279 0.328188 0.548391 0.49153199999999997 0.321356 0.626598 0.554168 0.282746 0.341437 0.620158 0.27929699999999996 
CyberSecurityNL-3_3_3_Ab:0.139656 0.088419 0.129408 0.08923199999999999 0.625802 0.5212129999999999 0.448623 0.45868299999999995 0.48664199999999996 0.708517 0.531072 0.51481 0.690394 0.731567 0.424153 0.607059 0.46971599999999997 0.48829599999999995 0.559661 0.761273 0.678649 
CyberSecurityNL-3_3_4_Ab:0.070148 0.087049 0.049179999999999995 0.048558 0.463532 0.316318 0.259523 0.317087 0.40892 0.5648799999999999 0.251317 0.62301 0.203518 0.169823 0.613752 0.163743 0.457034 0.455129 0.152229 0.31549699999999997 0.46046099999999995 
CyberSecurityNL-3_3_5_Ab:0.056006 0.08473599999999999 0.238028 0.5094759999999999 0.368834 0.401311 0.18614999999999998 0.426375 0.46052 0.226744 0.378728 0.60166 0.295691 0.164817 0.438362 0.48624599999999996 0.37899499999999997 0.133603 0.463677 0.64061 0.411943 0.198184 0.453486 0.626705 0.227545 0.202817 0.628794 
CyberSecurityNL-3_3_6_Ab:0.044951 0.048812999999999995 0.06508699999999999 0.41440299999999997 0.577315 0.400296 0.45772799999999997 0.572408 0.673846 0.35956499999999997 0.148393 0.306515 0.396283 0.504579 0.295913 0.39158899999999996 0.360612 0.338352 0.47561499999999995 0.328655 0.327382 
CyberSecurityNL-3_3_7_Ab:0.10033199999999999 0.014754999999999999 0.068907 0.313903 0.057558 0.15402 0.722209 0.43054499999999996 0.580793 0.779076 0.089353 0.549215 0.9061659999999999 0.067595 0.46501299999999995 0.36915699999999996 0.129909 0.746632 0.506006 0.11577599999999999 0.5472279999999999 0.6195149999999999 0.053696 0.553311 
CyberSecurityNL-3_3_8_Ab:0.052235 0.11116699999999999 0.049942999999999994 0.030920999999999997 0.150591 0.328054 0.47376599999999996 0.200043 0.544469 0.34248799999999996 0.14202499999999998 0.439453 0.306956 0.12264399999999999 0.311463 0.34706899999999996 0.20675 0.43461 0.317262 0.20504 
CyberSecurityNL-3_3_9_Ab:0.10806199999999999 0.09612699999999999 0.110883 0.054757 0.150507 0.801967 0.17802099999999998 0.330743 0.885701 0.14363499999999998 0.232865 0.352085 0.134686 0.6445529999999999 0.237369 0.322432 0.162472 0.495731 0.18287399999999998 0.168781 
CyberSecurityNL-3_3_10_A:0.065383 0.038291 0.048281 0.015961 0.249774 0.38786699999999996 0.26805799999999996 0.250283 1.006982 0.35226399999999997 0.544914 0.957604 0.557512 0.302276 0.637679 0.63825 0.33535 0.344396 0.8599019999999999 0.337555 
CyberSecurityNL-3_4_1_Ab:0.165636 0.168068 0.781747 0.591913 0.350745 0.533262 0.366077 0.359403 0.228233 0.190382 0.40614 0.217552 0.45254 0.37873999999999997 0.483407 0.447212 0.432396 0.352835 0.384517 0.461358 
CyberSecurityNL-3_4_2_Ab:0.195119 0.102659 0.06586 0.221026 0.346759 0.270377 0.570572 0.735676 0.346694 0.379444 0.565906 0.18401599999999999 0.45370499999999997 0.627907 0.22100399999999998 0.610954 0.855445 0.260421 0.49488699999999997 0.21184999999999998 0.8716109999999999 0.44011999999999996 
CyberSecurityNL-3_4_3_Ab:0.548787 0.387047 0.215719 0.826504 0.469941 0.533102 0.5322859999999999 0.346087 0.709819 0.561692 0.31076899999999996 0.559393 0.49546999999999997 0.27157 0.389308 0.43348899999999996 0.19333799999999998 0.381752 0.344053 0.43612599999999996 0.39442 
CyberSecurityNL-3_4_4_Ab:0.5988439999999999 0.259753 0.247048 0.287881 0.253888 0.732358 0.503134 0.803522 0.406813 0.37021099999999996 0.403619 0.7882159999999999 0.562685 0.39205999999999996 0.41770399999999996 0.773326 0.47638199999999997 0.215609 0.7745489999999999 
CyberSecurityNL-3_4_5_Ab:0.142018 0.147055 0.8955829999999999 1.029292 0.45053099999999996 0.4448 0.200178 0.5533129999999999 0.373567 0.200931 0.45144199999999995 0.525202 0.181714 0.43845199999999995 0.19932899999999998 0.234432 0.40427399999999997 0.45424699999999996 0.403016 0.44434199999999996 
CyberSecurityNL-3_4_6_Ab:1.1836929999999999 0.192848 0.24639699999999998 0.184364 0.45372999999999997 0.348806 0.511535 0.34666399999999997 0.42816099999999996 0.299857 0.47698199999999996 0.67769 0.614593 0.43507999999999997 0.38101599999999997 0.384694 0.465201 0.280972 0.425401 0.43809299999999995 0.46364 0.284841 0.435926 
CyberSecurityNL-3_4_7_Ab:0.17621099999999998 0.094375 0.146967 1.011319 0.395997 0.6799459999999999 0.18766 0.304351 0.26086 0.437368 0.380988 0.193072 0.536665 0.206929 0.44325299999999995 0.511825 0.356263 0.323086 0.203624 0.38544599999999996 0.43635799999999997 0.204425 
CyberSecurityNL-3_4_8_Ab:0.11415099999999999 0.124552 0.17568899999999998 0.573939 0.438029 0.371564 0.24540399999999998 0.364272 0.38111999999999996 0.195742 0.355311 0.174096 0.36069 0.3228 0.359523 0.22827799999999998 0.23554799999999998 0.24107099999999998 0.25865699999999997 0.27860599999999996 0.25527099999999997 0.5290739999999999 0.204806 0.363901 0.532542 
CyberSecurityNL-3_4_9_Ab:0.599 2.757197 0.301527 0.437272 0.49215 0.28419 0.5358769999999999 0.472385 0.283035 
CyberSecurityNL-3_4_10_A:0.19788999999999998 0.32382099999999997 0.119602 0.606278 0.473699 0.334843 0.49077699999999996 0.445602 0.393951 0.376849 0.214923 0.38825899999999997 0.446252 0.389467 0.38998 0.567199 0.392719 0.38019 0.440949 0.35975199999999996 0.22801 0.46749399999999997 
CyberSecurityNL-3_5_1_Ab:0.9665349999999999 0.7057169999999999 0.150364 0.663365 0.603522 0.899234 0.579981 0.5118659999999999 0.5778829999999999 0.514097 0.533032 0.5254989999999999 0.432135 0.513716 0.541369 0.551986 0.548601 0.6340009999999999 0.515703 0.552279 
CyberSecurityNL-3_5_2_Ab:1.140772 1.393739 0.9964099999999999 0.449592 0.938017 0.422296 0.502691 0.556017 0.401592 0.5342859999999999 0.501968 0.569327 0.551271 0.794642 0.488784 0.46011399999999997 0.547002 0.30702799999999997 0.794751 0.523138 0.720201 0.403068 0.678308 0.47650099999999995 0.48869199999999996 
CyberSecurityNL-3_5_3_Ab:0.889162 1.665118 1.544079 0.544523 0.532876 0.530399 0.69578 0.632053 0.44493499999999997 0.49752199999999996 0.682434 0.573592 0.566083 0.535109 0.438249 0.515555 0.486776 0.531338 0.5810719999999999 0.593231 0.8058599999999999 0.5886939999999999 
CyberSecurityNL-3_5_4_Ab:0.937623 1.030294 1.112551 0.27330499999999996 0.429017 0.522255 0.52805 0.23530199999999998 0.540693 0.31535399999999997 0.48188699999999995 0.329465 0.561817 0.45019 0.6220859999999999 0.267384 0.43163999999999997 0.516818 0.481278 0.37321099999999996 0.297249 0.295996 0.429179 
CyberSecurityNL-3_5_5_Ab:0.866081 0.597293 1.989843 0.614749 0.300811 0.49711 0.33966999999999997 0.412286 0.5752539999999999 0.317052 0.391399 0.611922 0.475054 0.244464 0.346788 0.519285 0.359664 0.486784 0.487359 0.342894 0.47283899999999995 0.489822 
CyberSecurityNL-3_5_6_Ab:0.474155 0.446318 0.23138799999999998 0.6371479999999999 0.58073 0.49223999999999996 0.5291239999999999 0.293018 0.5153449999999999 0.31565499999999996 0.371479 0.305182 0.304017 0.293607 0.452127 0.331648 0.352548 0.30694099999999996 0.458678 0.344939 0.35229499999999997 0.370541 0.343833 
CyberSecurityNL-3_5_7_Ab:1.85567 0.17642 1.143488 0.542763 0.438976 0.34690699999999997 0.67181 0.33658 0.523718 0.426927 0.5460539999999999 0.287833 0.49788299999999996 0.620748 0.512181 0.6626 0.562449 0.577019 0.551954 0.580669 0.518999 
CyberSecurityNL-3_5_8_Ab:0.6578379999999999 0.6566179999999999 0.105435 0.7893789999999999 0.46859199999999995 0.542449 0.522635 0.424181 0.324746 0.37764899999999996 0.338541 0.435032 0.5559609999999999 0.269922 0.530829 0.48925599999999997 0.38212199999999996 0.598078 0.511212 0.356846 0.46923499999999996 0.529059 
CyberSecurityNL-3_5_9_Ab:0.23448 0.86585 0.025647 0.46054199999999995 0.6068589999999999 0.44065 0.40124099999999996 0.49657799999999996 0.383727 0.401136 0.370905 0.410414 0.43657399999999996 0.567578 0.673169 0.7094769999999999 0.580776 0.243865 0.41004999999999997 0.22420199999999998 0.480662 0.424685 
CyberSecurityNL-3_5_10_A:0.641579 0.941842 0.10986699999999999 0.440644 0.573102 1.065473 0.573651 0.642013 0.412892 0.555277 0.653334 0.41151499999999996 0.581961 0.758606 0.473971 0.621745 1.191192 0.48250099999999996 0.7969419999999999 0.5191319999999999 0.45261999999999997 0.754891 0.522226 
CyberSecurityNL-3_6_1_Ab:0.358406 0.797678 0.781069 0.607932 0.416201 0.583801 0.6621739999999999 0.48513599999999996 0.5137999999999999 0.766825 0.5198309999999999 0.688256 0.562556 0.555526 0.44369699999999995 0.52854 0.526677 0.555891 0.551241 0.628802 0.554954 
CyberSecurityNL-3_6_2_Ab:1.181176 2.6043659999999997 0.9981399999999999 0.29611499999999996 0.761006 0.534836 0.48561299999999996 0.8384889999999999 0.907034 0.598669 0.81457 0.6330199999999999 0.503145 0.723835 0.769247 0.45828599999999997 0.612238 0.7215969999999999 0.636474 0.477859 0.7459439999999999 
CyberSecurityNL-3_6_3_Ab:1.3974929999999999 1.805294 1.971254 0.5980639999999999 0.634091 0.7214689999999999 0.816878 0.621097 0.7718729999999999 0.800439 0.53882 0.39641 0.9270539999999999 0.653523 0.59028 0.8754639999999999 0.6204459999999999 0.6545949999999999 0.641066 0.9058219999999999 0.63095 0.623827 0.973478 
CyberSecurityNL-3_6_4_Ab:1.908468 1.043744 1.388624 0.919999 0.5727949999999999 0.646112 0.6164259999999999 0.435037 0.681279 0.696743 0.63046 0.687309 0.78506 0.726847 0.712436 0.92467 0.895763 0.6213259999999999 0.654601 0.34584899999999996 0.614549 0.6482589999999999 
CyberSecurityNL-3_6_5_Ab:0.8252729999999999 1.408153 1.589774 0.760253 0.5976199999999999 0.5531269999999999 0.7530589999999999 0.528385 0.37476899999999996 0.889304 0.700009 0.5473049999999999 0.656644 0.634362 0.41558599999999996 0.880427 0.560364 0.43618199999999996 
CyberSecurityNL-3_6_6_Ab:0.300147 0.664457 0.36119999999999997 0.7057749999999999 0.465698 0.6090209999999999 0.540311 0.716314 0.330387 0.547951 0.667627 0.45094399999999996 0.75829 0.615845 0.487004 0.508319 0.553113 0.5809369999999999 0.616289 0.40892599999999996 1.214173 0.44981499999999996 0.288622 1.206299 
CyberSecurityNL-3_6_7_Ab:0.7927529999999999 0.320656 0.284431 0.627228 0.598353 0.524071 0.66467 0.55215 0.405549 0.596843 0.544543 0.5763079999999999 0.833483 0.45153899999999997 0.602205 0.6863 0.50959 0.466285 0.641528 0.6332139999999999 0.866899 0.453588 0.691726 0.8681719999999999 
CyberSecurityNL-3_6_8_Ab:0.421201 0.7593479999999999 0.821633 0.754469 0.6264029999999999 0.5834159999999999 0.678744 0.8173039999999999 0.45413499999999996 0.5877749999999999 0.780304 0.46395 0.763157 0.796684 0.424323 0.608022 0.69201 0.468877 0.591321 0.714039 0.48386999999999997 0.576987 0.701623 0.480722 0.540392 0.592523 0.494256 0.5521699999999999 
CyberSecurityNL-3_6_9_Ab:0.9409949999999999 0.185506 0.859737 0.528995 0.5546679999999999 0.47347799999999995 0.392931 0.532239 0.36058399999999996 0.522739 0.581715 0.773964 0.508761 0.442115 0.664167 0.612431 0.5264019999999999 0.5290509999999999 0.548693 0.514652 
CyberSecurityNL-3_6_10_A:1.380141 0.9592759999999999 1.052289 0.681477 0.730413 0.5421619999999999 0.68787 0.48304899999999995 0.773049 0.659577 0.645627 0.76867 0.794569 0.655428 0.8113079999999999 0.730815 0.700955 0.6011 0.621607 0.635869 0.610444 0.671516 0.6648529999999999 
CyberSecurityNL-3_7_1_Ab:1.069366 0.393628 1.194909 0.703336 0.9262579999999999 0.859254 0.996867 0.799657 0.7851279999999999 0.865927 0.61257 0.679724 0.7859809999999999 0.709762 0.990926 0.875205 0.609891 0.9401029999999999 0.799275 0.619773 0.7339249999999999 0.8176859999999999 
CyberSecurityNL-3_7_2_Ab:1.820484 1.06989 0.7813629999999999 0.746757 0.8988659999999999 0.601273 0.7864019999999999 0.725161 0.597416 0.862688 0.627266 0.582844 0.9290219999999999 1.069652 0.604574 0.7487579999999999 0.8927849999999999 0.669727 0.922893 0.843158 0.570326 0.922472 
CyberSecurityNL-3_7_3_Ab:0.899158 0.8377779999999999 1.293172 0.7818959999999999 1.157209 0.75532 0.804873 1.413185 0.7247969999999999 0.669777 0.795995 0.767678 0.6508619999999999 0.9408289999999999 1.00392 0.781971 0.857904 1.038156 0.65955 0.9298019999999999 1.016238 0.6508889999999999 0.816024 0.985293 0.6469269999999999 
CyberSecurityNL-3_7_4_Ab:0.7343419999999999 2.113799 0.909183 0.979606 0.79436 0.721258 0.8213389999999999 0.5716 0.758436 0.5742349999999999 0.783339 0.77954 0.9358719999999999 0.870096 0.8253889999999999 0.780376 0.874188 0.74024 0.6712779999999999 0.796986 0.827577 0.67084 
CyberSecurityNL-3_7_5_Ab:1.880698 1.183023 1.4414099999999999 0.679902 1.2049050000000001 0.645771 0.559357 0.821394 0.8630899999999999 0.7380289999999999 0.5934159999999999 0.744894 0.802596 0.755483 0.777959 0.6186039999999999 0.817584 0.836959 0.718321 0.9169919999999999 0.820437 
CyberSecurityNL-3_7_6_Ab:0.5211399999999999 0.864984 0.935944 0.88766 0.90801 0.5725319999999999 0.721936 0.794433 0.5947669999999999 0.734837 0.6993699999999999 0.561327 0.663341 0.7980269999999999 1.07695 0.6700849999999999 0.580973 0.690823 0.6715869999999999 0.7952619999999999 0.687485 0.818317 0.731749 0.67182 
CyberSecurityNL-3_7_7_Ab:0.788605 1.604572 0.764783 0.7739189999999999 1.029534 0.7005779999999999 0.7461059999999999 1.034269 1.031055 1.084735 0.984085 0.779095 0.55479 0.975066 0.692017 0.727707 0.990116 0.746335 0.600297 1.010265 0.8146559999999999 0.606328 
CyberSecurityNL-3_7_8_Ab:1.360375 0.958959 1.668056 0.6902269999999999 0.46837799999999996 0.864883 1.032433 0.584414 0.9922439999999999 1.3476650000000001 0.457459 0.8383839999999999 0.98303 0.521003 0.7373069999999999 1.159372 0.5899599999999999 0.8833679999999999 1.172403 0.793458 0.6104999999999999 0.982089 0.789384 
CyberSecurityNL-3_7_9_Ab:1.5607090000000001 1.26393 0.61268 0.664102 0.9301889999999999 0.815391 1.08319 0.807638 0.7295189999999999 0.745501 0.739474 0.554092 0.9471299999999999 0.909118 0.859906 0.816321 0.734433 0.805912 0.917972 0.830025 0.7563179999999999 0.9191189999999999 
CyberSecurityNL-3_7_10_A:1.780115 1.233377 1.27088 0.966031 0.914574 0.798627 0.785314 0.9974179999999999 0.761438 0.58189 0.660482 0.7411989999999999 0.740452 0.752582 0.6539699999999999 0.668411 0.805434 0.704823 0.793032 0.874624 0.731103 0.7668999999999999 0.8499909999999999 
CyberSecurityNL-3_8_1_Ab:1.5419239999999999 1.63993 0.537979 1.1552229999999999 0.983302 1.055545 1.138406 0.991988 1.045071 0.957938 0.701205 0.9502419999999999 0.937484 0.735126 1.190057 0.8926729999999999 0.5442359999999999 1.276539 0.9456979999999999 0.746764 1.105197 0.9708049999999999 
CyberSecurityNL-3_8_2_Ab:1.293881 0.9177829999999999 1.692213 0.98098 1.091774 1.1719249999999999 1.056015 0.972024 1.067314 0.917426 1.118804 1.201075 0.928291 1.054452 1.306915 1.185715 1.396687 1.208483 1.162256 1.182849 0.91703 1.054967 
CyberSecurityNL-3_8_3_Ab:1.320634 2.572391 0.84309 1.21144 0.781133 0.84019 1.336186 0.943109 1.162642 0.931109 1.158515 0.813573 1.140736 0.934496 1.274192 0.876968 1.106304 0.8010809999999999 1.2156150000000001 0.7588159999999999 1.454282 0.7243419999999999 1.212783 0.748498 0.771806 
CyberSecurityNL-3_8_4_Ab:1.691945 1.481749 1.7238989999999998 0.963061 1.01214 0.8977919999999999 1.3461349999999999 1.084387 0.850858 1.234539 1.050511 0.823674 1.06336 0.974363 0.875717 1.034795 1.171858 0.9687969999999999 1.068172 1.122655 0.74457 1.070296 
CyberSecurityNL-3_8_5_Ab:1.280213 1.992455 1.307379 1.1846 0.9850869999999999 0.8901549999999999 1.04124 0.780872 0.857115 1.361402 0.851557 0.845509 1.131034 0.8197289999999999 0.878747 1.12744 0.7669849999999999 0.934261 1.017198 0.916377 0.888698 0.906484 
CyberSecurityNL-3_8_6_Ab:1.3205580000000001 1.2803200000000001 0.975802 1.048595 1.282944 0.776045 1.096823 0.7373649999999999 0.729163 0.9998619999999999 0.853645 0.65098 1.021831 0.8760159999999999 0.6829999999999999 1.018756 0.712133 0.683013 0.913852 0.8177399999999999 0.7145589999999999 0.898631 
CyberSecurityNL-3_8_7_Ab:1.6013929999999998 0.7760589999999999 1.172791 1.016644 1.390915 0.9770019999999999 0.677097 1.235176 1.073107 0.7775259999999999 1.236869 1.131711 0.68504 1.014156 1.10808 0.6514179999999999 1.371477 1.175547 0.9139109999999999 2.034394 0.921943 0.788895 
CyberSecurityNL-3_8_8_Ab:2.282985 1.470459 0.772917 1.211504 1.029203 0.848696 1.12802 0.856626 1.174105 0.911947 0.927836 0.986969 1.010196 0.8204849999999999 0.922678 1.09383 0.914253 1.10931 1.192774 0.997884 0.85207 1.172648 1.134103 0.8560209999999999 
CyberSecurityNL-3_8_9_Ab:1.634228 1.535507 1.115873 1.107596 1.205456 1.141819 1.407264 0.9518329999999999 0.9642149999999999 1.547335 0.9295089999999999 0.917041 1.286691 0.946143 1.105456 1.5612309999999998 0.773212 1.002452 0.79304 1.476842 0.9943329999999999 
CyberSecurityNL-3_8_10_A:1.488558 0.836514 1.136602 1.097115 1.170531 0.818423 1.181808 0.954367 0.9191389999999999 0.7862239999999999 0.962204 0.957764 0.985444 1.050298 0.9257869999999999 0.914756 0.9707929999999999 0.825966 0.9455479999999999 0.996571 0.9770909999999999 1.016858 1.005433 0.988491 
CyberSecurityNL-3_9_1_Ab:1.004048 1.5404849999999999 1.676477 1.351067 1.661184 0.9707169999999999 1.056759 1.284529 1.149966 0.9852029999999999 1.822164 1.202724 1.142732 1.419136 1.275283 0.912701 1.325045 1.131997 1.01266 2.111057 1.265745 
CyberSecurityNL-3_9_2_Ab:1.057997 0.9206559999999999 1.587101 1.108076 1.458782 1.132226 1.381825 1.0597509999999999 1.3297919999999999 1.167401 1.067644 1.294446 1.326292 1.295587 1.321013 1.198593 0.99388 1.475605 1.5374349999999999 1.215832 1.317501 1.515447 
CyberSecurityNL-3_9_3_Ab:2.168786 1.671296 1.782554 1.214706 1.099269 2.288995 1.308554 1.408043 1.7989799999999998 1.199497 1.196274 1.486033 1.235091 1.218545 1.855993 1.129226 0.879177 2.08238 1.252344 1.151672 1.4496259999999999 1.249613 1.522529 1.5384090000000001 
CyberSecurityNL-3_9_4_Ab:1.706423 1.9575209999999998 1.545204 1.6170019999999998 1.2755969999999999 0.992679 1.282939 1.780992 1.076374 1.311313 1.268718 1.2503980000000001 1.321383 1.2705899999999999 0.841746 1.425629 1.204815 0.859622 1.569951 1.323891 1.063359 1.153585 1.325361 
CyberSecurityNL-3_9_5_Ab:1.280743 2.212237 1.8965130000000001 1.452109 1.320743 1.016501 1.743202 1.333688 1.054052 1.539955 1.3718650000000001 1.107612 1.6640359999999998 1.373623 0.902536 1.674395 1.30104 0.973657 1.40812 1.379151 0.965764 
CyberSecurityNL-3_9_6_Ab:1.6029339999999999 2.808259 1.9251239999999998 1.242418 1.772986 1.328085 1.8314659999999998 1.483781 1.40554 1.609083 0.96343 1.4110909999999999 1.377029 1.628023 1.225198 1.711654 1.327256 1.522568 1.50111 1.512438 1.569025 1.339782 1.8010009999999999 1.533559 1.378637 
CyberSecurityNL-3_9_7_Ab:1.006546 1.931215 1.028454 1.22313 1.468265 0.9888619999999999 1.401777 1.468779 1.340354 1.309032 1.62252 1.338 1.593191 1.461968 1.225318 1.475632 1.507456 0.949722 1.330553 1.506748 
CyberSecurityNL-3_9_8_Ab:1.280274 1.584385 1.030253 1.420201 1.6687319999999999 0.8288709999999999 1.221633 1.24807 0.9922599999999999 1.112812 1.312915 0.8638279999999999 1.381215 1.516805 0.916943 1.273337 1.371042 0.795319 1.4644490000000001 1.028103 1.74538 0.9585499999999999 1.037925 
CyberSecurityNL-3_9_9_Ab:1.3247529999999998 1.110346 1.391254 1.14672 1.491988 0.767463 1.368666 1.227322 0.924653 1.188673 1.104646 0.9001239999999999 1.150062 1.479916 1.008706 1.282938 1.001324 1.03861 1.255736 1.018302 0.880898 1.306441 
CyberSecurityNL-3_9_10_A:1.17991 1.4497339999999999 1.933025 1.026031 1.6779519999999999 1.26455 1.6846109999999999 1.360442 1.045084 1.526555 1.397561 2.847161 1.5508600000000001 1.57559 1.258726 1.505463 1.467317 1.1454119999999999 1.604568 1.40717 1.078107 1.435886 1.417629 1.4573990000000001 1.167675 1.417275 
CyberSecurityNL-3_10_1_A:1.479234 2.219934 2.088087 1.539088 2.366385 1.696971 1.466949 1.651886 6.854403 1.484095 1.7378369999999999 1.495304 1.2807659999999998 1.702048 1.375595 1.544147 1.7462909999999998 1.205938 1.667005 1.6774049999999998 1.335411 2.169329 
CyberSecurityNL-3_10_2_A:1.049816 0.88123 1.33254 1.481372 2.5463709999999997 1.076912 1.978507 2.359448 1.2288000000000001 1.853857 1.905457 1.28793 1.8314659999999998 1.574708 1.176778 1.822346 1.640973 1.353219 2.169226 1.713639 1.254674 1.7474919999999998 1.474565 2.010066 1.254287 2.154629 2.218664 
CyberSecurityNL-3_10_3_A:1.279067 1.38635 1.808078 1.4084189999999999 1.240967 1.567008 1.549099 1.059521 1.128296 1.455401 1.052728 1.387174 1.493989 1.020268 1.357926 1.636209 1.110067 1.712799 1.6298409999999999 1.13443 1.29761 1.7548789999999999 
CyberSecurityNL-3_10_4_A:1.397766 1.7612700000000001 1.1281349999999999 1.905135 2.310032 1.046386 2.083546 1.513872 1.065167 1.871767 1.931846 1.495144 1.536238 1.5133480000000001 1.5225 1.646644 1.655101 1.089853 1.52484 1.9089559999999999 1.266257 1.519549 
CyberSecurityNL-3_10_5_A:2.328639 2.34128 1.632152 0.9416 1.75468 1.386825 1.328812 1.354107 1.598205 1.487677 1.2205 1.245181 1.336863 1.228064 1.6016949999999999 1.442845 1.50758 2.075007 1.523893 1.400054 1.342609 1.560436 
CyberSecurityNL-3_10_6_A:0.7977529999999999 3.312477 1.456623 1.278838 1.938215 1.016663 2.324437 1.436562 1.287235 1.844747 1.251055 1.475673 1.7334969999999998 1.272588 1.413957 1.650323 1.129868 1.417474 1.849057 1.264962 1.341492 1.982109 1.273189 
CyberSecurityNL-3_10_7_A:1.407674 1.370657 1.17789 1.375047 2.139221 1.371861 2.219256 2.00928 1.235637 1.358584 1.79737 1.3617650000000001 1.5477370000000001 2.05932 1.258705 1.612377 1.8483839999999998 1.319877 1.585292 1.756286 1.035185 1.596842 
CyberSecurityNL-3_10_8_A:3.1493349999999998 1.659865 1.203756 1.453888 1.633516 1.413241 2.142783 1.03685 1.458202 2.962759 1.3359779999999999 1.179306 1.843353 1.229575 1.396395 1.853343 1.271716 1.302137 1.913904 1.18036 1.565128 1.8948399999999999 
CyberSecurityNL-3_10_9_A:1.2927119999999999 1.971665 2.301193 1.2865579999999999 2.057394 1.304786 1.994648 1.302537 2.110549 1.6267260000000001 1.606145 1.661355 1.3267799999999998 1.72281 1.488105 1.293512 1.459584 1.41049 1.345929 1.321228 1.737486 1.510832 
CyberSecurityNL-3_10_10_:1.448492 2.111456 1.7200289999999998 1.830077 1.641429 1.544429 2.078624 1.4105509999999999 1.845669 1.84463 1.429007 1.762027 1.716621 1.720886 1.580468 1.709719 1.740669 1.746457 1.9496229999999999 1.579565 1.8250989999999998 1.85614 
CyberSecurityNL-4_2_1_Ab:0.055854 0.03431 0.039157 0.040214 0.008503 0.009384 0.36338 0.115411 0.091128 0.008622 0.02814 0.009433 0.5220049999999999 0.017353 0.084781 0.011689 0.057504 0.011798 0.384061 0.025699 0.082124 0.021731 0.031104999999999997 0.021168 0.42175599999999996 0.021717 0.067594 0.021793 0.059042 0.021578 0.516102 0.02166 0.063495 0.021866 0.10370299999999999 0.417775 0.062848 
CyberSecurityNL-4_2_2_Ab:0.04217 0.10611 0.057908999999999995 0.033101 0.010820999999999999 0.067065 0.08599 0.154801 0.016753 0.077212 0.080119 0.016565 0.080664 0.218497 0.01706 0.08359899999999999 0.052197 0.01652 0.08137899999999999 0.12139899999999999 0.016555999999999998 0.083218 0.072752 0.017062 0.087103 0.208396 0.017081 0.08544299999999999 0.063586 0.210117 
CyberSecurityNL-4_2_3_Ab:0.119293 0.021521 0.065424 0.045207 0.10500699999999999 0.006343 0.455513 0.334169 0.114677 0.244026 0.099991 0.064097 0.436699 0.071728 0.092181 0.302908 0.282673 0.062807 0.035352999999999996 0.18886 0.329933 0.066969 0.06322699999999999 0.339122 0.071599 0.20107 0.231254 0.066582 0.063052 0.30940799999999996 0.071397 0.128217 0.06282399999999999 
CyberSecurityNL-4_2_4_Ab:0.06876499999999999 0.08638499999999999 0.06511499999999999 0.020495 0.012598999999999999 0.060147 0.17518 0.099658 0.14443699999999998 0.156359 0.215116 0.101353 0.5076379999999999 0.24643099999999998 0.236289 0.062019 0.5247729999999999 0.168178 0.096449 0.061542 0.131131 0.155441 0.175627 0.08764799999999999 0.12169899999999999 0.216754 0.125668 0.20117 0.124556 0.063239 0.370629 0.203695 
CyberSecurityNL-4_2_5_Ab:0.026196 0.06519699999999999 0.036843 0.066195 0.057255999999999994 0.018314 0.07256699999999999 0.096672 0.23712599999999998 0.072569 0.064872 0.083561 0.066264 0.11509 0.062078999999999995 0.061881 0.071619 0.108031 0.083179 0.126237 0.062674 0.07267599999999999 0.110231 0.064121 0.041683 0.060760999999999996 0.177644 0.061632 0.164331 0.060998 0.075013 0.080575 0.09177099999999999 0.088832 0.08441 0.08023799999999999 0.054699 0.060427999999999996 0.150242 0.09204599999999999 0.054457 
CyberSecurityNL-4_2_6_Ab:0.064645 0.091017 0.036836 0.040733 0.013087999999999999 0.353881 0.44587099999999996 0.318121 0.016811 0.248687 0.025529 0.37782099999999996 0.023847999999999998 0.275599 0.018882 0.208895 0.018354 0.431621 0.033226 0.44396199999999997 0.019489 0.288217 0.023632 0.091337 0.019086 0.262385 0.019074 0.22547199999999998 0.021948 0.279399 0.020966 0.351452 0.20385699999999998 0.021072999999999998 0.169393 0.621228 0.020760999999999998 0.348991 0.24736799999999998 0.021207 0.129468 0.40818299999999996 0.249276 
CyberSecurityNL-4_2_7_Ab:0.032784 0.039442 0.057643 0.057984 0.0059949999999999995 0.009731 0.017950999999999998 0.013248999999999999 0.24961699999999998 0.011084 0.032638 0.01324 
CyberSecurityNL-4_2_8_Ab:0.104777 0.009982999999999999 0.068524 0.038188 0.011184999999999999 0.009302 0.107169 0.20621499999999998 0.33891899999999997 0.027489999999999997 0.174139 0.031918999999999996 0.168879 0.032108 0.31778999999999996 0.031383999999999995 0.482047 0.032646 0.21173299999999998 0.040752 0.183448 0.034648 0.35676199999999997 0.456945 0.034290999999999995 0.14294199999999999 0.317318 0.034013999999999996 0.139061 0.465325 0.319554 
CyberSecurityNL-4_2_9_Ab:0.09237999999999999 0.11563899999999999 0.013529999999999999 0.017537 0.014038 0.30999 0.037455999999999996 0.011516 0.291221 0.33085 0.10829499999999999 0.011051 0.317799 0.559174 0.127003 0.014981 0.046319 0.35498799999999997 0.548064 0.012492999999999999 0.31218799999999997 1.006322 0.30577 0.027014999999999997 0.38364 0.012003999999999999 0.50813 0.5779099999999999 0.062358 0.012039 0.352615 0.574838 
CyberSecurityNL-4_2_10_A:0.10190199999999999 0.056499 0.041602 0.041009 0.0492 0.050209 0.067697 0.14413399999999998 0.134039 0.040813999999999996 0.036208 0.371556 0.158019 0.028412999999999997 0.080985 0.029994999999999997 0.36514399999999997 0.032507999999999995 0.15211 0.029536999999999997 0.049451999999999996 0.029630999999999998 0.473639 0.029538 0.16044799999999998 0.031396 0.03748 0.029415999999999998 0.276963 0.029528 0.16425399999999998 0.029762 0.069978 0.292458 0.16105 
CyberSecurityNL-4_3_1_Ab:0.078871 0.079413 0.069814 0.106178 0.006333 0.28329299999999996 0.26431099999999996 0.142729 0.24327 0.34312899999999996 0.521683 0.051712999999999995 0.54725 0.15272 0.33866999999999997 0.43404499999999996 0.515799 0.214813 0.438428 0.40631799999999996 0.15320499999999998 0.393986 0.289452 0.293755 0.431259 0.37073799999999996 0.14540699999999998 0.558029 0.37007199999999996 0.158473 0.32134599999999997 0.417137 0.559721 0.298159 0.475981 0.30242199999999997 0.57113 
CyberSecurityNL-4_3_2_Ab:0.094598 0.086715 0.082677 0.15184899999999998 0.004598 0.8878889999999999 0.44676699999999997 0.049392 0.308195 0.226184 0.26997899999999997 0.397472 0.40942799999999996 0.030886999999999998 0.332573 0.405673 0.057545 0.156909 0.484442 0.04863 0.510458 0.6064229999999999 0.032132 0.24215699999999998 0.39655399999999996 0.04673 0.403009 0.420244 0.030191 0.30278299999999997 0.386295 
CyberSecurityNL-4_3_3_Ab:0.10796299999999999 0.03353 0.053832 0.079652 0.047985 0.43554 0.622131 0.7419669999999999 0.552169 0.276683 0.9583459999999999 0.449256 0.29574 0.153776 0.40884299999999996 0.9863019999999999 0.15811 0.19700299999999998 0.754409 0.973061 0.363896 0.32594599999999996 0.37804099999999996 0.7890159999999999 0.15561999999999998 0.372205 0.344495 0.963414 0.29079699999999997 0.12552 0.389337 0.864614 0.16344999999999998 0.18742799999999998 0.363097 0.86319 
CyberSecurityNL-4_3_4_Ab:0.07534199999999999 0.060688 0.08191899999999999 0.060328 0.048574 0.008525999999999999 0.182555 0.629462 0.536092 0.347975 0.48691599999999996 0.36350299999999997 0.363957 0.6045429999999999 0.554985 0.463159 0.601047 0.434285 0.325839 0.357189 0.28809799999999997 0.583758 0.38061799999999996 0.35820399999999997 0.249187 0.371031 0.490062 0.27281299999999997 0.373137 0.311067 0.726818 0.42452999999999996 0.44561 0.165535 0.394312 0.281257 0.478782 0.5422819999999999 0.284527 0.178009 0.477355 
CyberSecurityNL-4_3_5_Ab:0.198072 0.100271 0.09206099999999999 0.065416 0.5670299999999999 0.449752 0.434577 0.204123 0.248746 0.669037 0.791632 0.20404999999999998 0.279817 0.30505899999999997 0.534515 0.6078779999999999 0.321416 1.007376 0.61522 0.564755 0.6584979999999999 0.332184 0.312496 0.567133 
CyberSecurityNL-4_3_6_Ab:0.10566199999999999 0.157962 0.149298 0.128193 0.009478 0.008806999999999999 0.34598799999999996 0.482627 0.189218 0.016456 0.148723 0.595453 0.01262 0.372421 0.159296 0.016814 0.191124 0.239256 0.017828 0.29007299999999997 0.381173 0.031692 0.235113 0.47803399999999996 0.017664 0.44987699999999997 0.41569999999999996 0.020642 0.240674 0.452909 
CyberSecurityNL-4_3_7_Ab:0.054001999999999994 0.098383 0.038926999999999996 0.105394 0.008258999999999999 0.38804 0.392412 0.44612399999999997 0.14732499999999998 0.336681 0.561744 0.259354 0.24770899999999998 0.31107599999999996 0.42861499999999997 0.134743 0.128913 0.37058399999999997 0.450436 0.31073799999999996 0.275844 0.35956 0.504527 0.456393 0.333878 0.17818699999999998 0.43060099999999996 0.309527 0.33513499999999996 0.196881 0.296618 0.509208 0.352187 0.155477 0.27705399999999997 0.497832 0.18323399999999998 0.633875 0.328324 0.346445 0.310479 0.32286 0.383446 0.329372 0.155562 0.287664 0.377913 0.303991 0.339319 0.322559 0.338779 0.31246199999999996 0.614333 0.299024 0.21609199999999998 0.359854 0.370199 0.333458 0.35114 0.31953899999999996 0.240916 0.318353 0.402688 0.31149899999999997 0.24378699999999998 
CyberSecurityNL-4_3_8_Ab:0.095749 0.053304 0.029331999999999997 0.09048199999999999 0.00421 0.013238 0.160156 0.669137 0.398983 0.35877899999999996 0.344873 0.210978 0.24038199999999998 0.431924 0.48413799999999996 0.440588 0.263585 0.32683599999999996 0.38098899999999997 0.434625 0.276603 0.500339 0.310375 0.45600799999999997 0.166394 0.392503 0.482736 0.342145 0.21412299999999998 0.14499599999999999 0.38609 0.343842 
CyberSecurityNL-4_3_9_Ab:0.07260599999999999 0.07051099999999999 0.09916799999999999 0.100725 0.006215999999999999 0.203351 0.45990899999999996 0.557893 0.30591199999999996 0.21862099999999998 0.531362 0.45774099999999995 0.284673 0.25073 0.274379 0.423203 0.309573 0.337432 0.363965 0.34405199999999997 0.365608 0.592205 0.404785 0.319305 0.30897199999999997 0.295934 0.268132 0.262646 0.305406 0.315251 0.353095 0.33571 0.494037 0.21143199999999998 0.40352099999999996 0.529575 0.32211599999999996 0.207091 
CyberSecurityNL-4_3_10_A:0.066285 0.194352 0.126237 0.111638 0.037333 0.480712 0.333429 0.706724 0.208125 0.319134 0.210649 0.246963 0.14981 0.313512 0.46073699999999995 0.5314479999999999 0.180779 0.313936 0.591268 0.436768 0.197239 0.569858 0.720244 0.548762 0.20369299999999999 0.9056649999999999 0.564865 0.48327 0.395177 0.899628 
CyberSecurityNL-4_4_1_Ab:0.057928999999999994 0.098728 0.083095 0.421502 0.0054529999999999995 0.768988 0.414525 0.38243099999999997 0.311727 0.687886 0.446488 0.254311 0.191457 0.36976 0.40645899999999996 0.607341 0.219971 0.19888499999999998 0.245051 0.47265999999999997 0.23072199999999998 0.234901 0.23154899999999998 0.414477 0.225488 0.34643599999999997 0.188458 0.384434 0.349068 0.34376799999999996 0.193791 0.266121 0.20374899999999999 0.467746 0.376673 0.204702 0.374988 0.272563 0.372566 
CyberSecurityNL-4_4_2_Ab:0.268949 0.11401399999999999 0.12002299999999999 0.09824999999999999 0.007887 0.614196 0.246996 0.347419 0.5405059999999999 0.402312 0.256162 0.461084 0.43888699999999997 0.46963299999999997 0.437868 0.5230009999999999 0.305757 0.6573019999999999 0.382112 0.530795 0.354871 0.22206399999999998 0.504419 0.527917 0.36180599999999996 0.44245999999999996 0.327415 0.49178499999999997 0.329022 0.49094 0.28302 0.333981 0.357508 0.6507419999999999 0.356967 0.486224 0.24145899999999998 0.69436 
CyberSecurityNL-4_4_3_Ab:0.192735 0.09211599999999999 0.104553 0.060506 1.205413 0.372094 0.329542 0.33982599999999996 0.29656 0.33219099999999996 0.327858 0.16594499999999998 0.33018 0.436548 0.35404599999999997 0.177111 0.24396199999999998 0.16816699999999998 0.155526 0.21997699999999998 0.43400099999999997 0.166992 0.15546 0.38021499999999997 0.415834 0.16716399999999998 0.178691 0.566651 0.395997 0.15392899999999998 0.182621 0.38956999999999997 0.316583 0.385976 0.16000599999999998 0.19652499999999998 0.392043 0.567114 0.15787199999999998 0.215673 0.38956399999999997 
CyberSecurityNL-4_4_4_Ab:0.11546999999999999 0.061570999999999994 0.119975 0.06349099999999999 0.099175 0.198096 0.21201199999999998 0.81907 0.43015499999999995 0.41528699999999996 0.356683 0.15903899999999999 0.283225 0.267304 0.23654899999999998 0.189019 0.336902 0.362267 0.48273 0.16838999999999998 0.456607 0.39021 0.45536099999999996 0.18111 0.196732 0.388107 0.416465 0.34946499999999997 0.18531599999999998 0.389922 
CyberSecurityNL-4_4_5_Ab:0.11981299999999999 0.07731199999999999 0.10656199999999999 0.181048 0.037257 0.546781 0.601851 0.246893 0.47528899999999996 0.46392 0.370147 0.33339799999999997 0.277872 0.5601539999999999 0.225453 0.35034699999999996 0.444054 0.5300819999999999 0.227122 0.347159 0.26420699999999997 0.535412 0.49097399999999997 0.33766199999999996 0.283711 0.405701 0.415738 0.37695599999999996 0.437579 0.47023 0.8522679999999999 0.362583 0.26145 0.240088 0.450569 0.474778 0.484948 0.333124 0.32792 0.54542 0.47239699999999996 0.410076 0.332345 
CyberSecurityNL-4_4_6_Ab:0.152805 0.24423699999999998 0.445416 0.24073599999999998 0.08287399999999999 0.49923199999999995 0.395351 1.001573 0.5772539999999999 0.417487 0.49443299999999996 0.326386 0.522093 0.34543999999999997 0.287587 0.442644 0.4679 0.471732 0.434842 0.241856 0.38820899999999997 0.596137 0.38975 0.290942 0.456713 0.40593999999999997 0.35048799999999997 0.481508 0.581275 0.212362 0.403454 0.48860699999999996 0.328059 0.442355 0.536466 0.490373 
CyberSecurityNL-4_4_7_Ab:0.15295 0.046236 0.114869 0.17414 0.079737 0.635531 0.393266 0.685406 0.600703 0.179445 0.709503 0.28657299999999997 0.559279 0.8506579999999999 0.421892 0.368892 0.426351 0.24184399999999998 0.394341 0.845138 0.4563 0.16550199999999998 0.5276 0.450849 0.34619 0.6711079999999999 0.473493 0.14957299999999998 0.334682 0.24753299999999998 0.7147519999999999 1.079543 0.21265199999999998 0.451497 0.7633719999999999 0.633583 0.267011 0.22549999999999998 0.726553 
CyberSecurityNL-4_4_8_Ab:0.790437 0.5913959999999999 0.43255299999999997 0.207617 0.009890999999999999 0.6051989999999999 0.526887 0.647521 0.5719679999999999 0.35650299999999996 0.625352 0.408554 0.263146 0.18764899999999998 0.431824 0.358896 0.27716199999999996 0.383652 0.219525 0.35770599999999997 0.213116 0.396109 0.226656 0.555148 0.21767699999999998 0.21234399999999998 0.410979 0.556516 
CyberSecurityNL-4_4_9_Ab:0.064321 0.087279 0.059830999999999995 0.096034 0.037207 0.20321799999999998 0.41207 0.341962 0.33779899999999996 0.22315 0.43803 0.358463 0.40035 0.560761 0.376172 0.46749399999999997 0.49885599999999997 0.267673 0.33288399999999996 0.38378399999999996 0.455557 0.870259 0.39760199999999996 0.415246 0.387215 0.26883599999999996 0.451577 0.389523 0.37976099999999996 0.26103899999999997 
CyberSecurityNL-4_4_10_A:0.410744 0.19829 0.101808 0.212446 0.044442999999999996 0.025141 0.389244 0.506157 0.518216 0.401369 0.183466 0.406641 0.42525399999999997 0.664271 0.7743059999999999 0.388866 0.212702 0.48094099999999995 0.231785 0.41129099999999996 0.445393 0.437614 0.19747699999999999 0.401825 0.37914 0.43658399999999997 0.244115 0.410113 0.156634 0.45541899999999996 0.228406 0.409138 0.427668 0.405702 0.18667299999999998 0.354657 0.392285 
CyberSecurityNL-4_5_1_Ab:0.9496159999999999 1.624701 1.2932679999999999 1.335876 0.009112 0.042074 0.7310209999999999 0.471998 0.5863079999999999 0.6134729999999999 0.368911 0.722333 0.624562 0.660729 0.708262 0.5615589999999999 0.5409229999999999 0.379444 0.490236 0.575288 0.569765 0.608881 0.6262679999999999 0.5431079999999999 0.576145 0.650481 0.570426 0.586869 0.552856 0.627255 0.529365 0.499768 0.488653 0.624366 
CyberSecurityNL-4_5_2_Ab:1.033044 0.908249 0.9741209999999999 1.043704 0.008686 0.724633 0.317222 0.282873 0.6986 0.375517 0.631904 0.489149 0.408862 0.639763 0.400368 0.48160899999999995 0.49893299999999996 0.607313 0.637114 0.46027599999999996 0.43762799999999996 0.475108 0.669775 0.43187899999999996 0.58795 0.49830399999999997 0.5527719999999999 0.442861 0.42750299999999997 0.493836 0.627381 0.525918 0.749105 0.44273199999999996 0.40391499999999997 0.49277699999999997 0.46266399999999996 0.609004 0.55397 0.478915 
CyberSecurityNL-4_5_3_Ab:0.264368 0.532558 1.139996 0.09967 0.126268 0.680074 0.7299749999999999 1.095988 0.6271599999999999 0.497818 0.462385 0.47753599999999996 0.70295 0.6129169999999999 0.6576449999999999 0.468213 0.5078389999999999 0.593109 0.478327 0.549327 0.679894 0.7290639999999999 0.7195779999999999 0.47867 0.708333 0.601298 0.33693799999999996 0.58055 0.660141 0.59538 
CyberSecurityNL-4_5_4_Ab:0.435606 0.18758899999999998 0.153551 1.55484 0.020558999999999997 0.458711 0.46189399999999997 0.467665 0.505845 0.5336259999999999 0.514537 0.245857 0.48773099999999997 0.5679379999999999 0.552011 0.641123 0.5527299999999999 0.509244 0.5776479999999999 0.501926 0.5087079999999999 0.51705 0.506636 0.657127 0.518867 0.489633 0.48473499999999997 0.603903 0.549873 0.473095 
CyberSecurityNL-4_5_5_Ab:1.018677 0.17287 0.566344 0.480458 0.132819 0.439146 0.349221 0.54801 0.574811 0.597993 0.543094 0.646033 0.9185019999999999 0.40778699999999996 0.5268849999999999 0.669746 0.48203199999999996 0.533104 0.508939 0.5801189999999999 0.454161 0.391575 0.5428029999999999 0.568514 0.6171479999999999 0.268097 0.475609 0.581662 0.733072 0.272136 
CyberSecurityNL-4_5_6_Ab:0.147531 1.036875 0.949291 0.5181049999999999 1.008937 0.672976 0.6398699999999999 0.51225 0.74002 0.515088 0.72382 0.624257 0.51518 0.596281 0.6576609999999999 0.703772 0.37226699999999996 0.455343 0.46721599999999996 0.502927 0.41775999999999996 0.608982 0.620178 0.453789 0.578959 0.470269 0.623259 0.376008 0.596375 0.532659 0.413332 0.610012 0.634431 0.468248 0.549327 0.7255699999999999 0.49858199999999997 0.659126 0.607117 
CyberSecurityNL-4_5_7_Ab:0.98874 1.0214 1.192612 0.637671 1.2571080000000001 0.755312 0.9544459999999999 0.43569399999999997 0.752926 0.558616 0.6368809999999999 0.564174 0.647803 0.5183329999999999 0.389125 0.446127 1.024573 0.415966 0.450882 0.42845 0.407383 0.435422 0.470863 0.538261 0.546639 0.471418 0.48078 0.438669 0.5616169999999999 0.520069 0.49745599999999995 0.442392 
CyberSecurityNL-4_5_8_Ab:1.003194 1.167903 0.471315 0.529628 0.012791 0.7201449999999999 0.48689299999999996 0.345588 0.418948 0.771717 0.626676 0.53294 0.505325 0.56852 0.524841 0.630894 0.407337 0.31365299999999996 0.41987599999999997 0.652901 0.504396 0.697461 0.655122 0.49212399999999995 0.526751 0.526031 0.574566 0.922283 0.6688189999999999 0.48660499999999995 0.6489269999999999 0.6126739999999999 0.5350039999999999 0.669404 0.432204 0.610507 0.785646 0.673609 
CyberSecurityNL-4_5_9_Ab:0.250255 0.795312 1.230063 0.9289569999999999 0.969972 0.517436 0.589901 0.567033 0.5375329999999999 0.504533 0.623224 0.45256199999999996 0.47359799999999996 0.534467 0.503605 0.597306 0.767969 0.7383379999999999 0.48549 0.594309 0.322602 0.707935 0.696104 0.694186 0.408472 0.497693 0.339647 0.456615 0.7137669999999999 0.6743899999999999 0.351411 0.578925 0.431411 0.507873 0.6029669999999999 0.703715 0.401954 0.536581 0.548248 0.461287 0.544628 0.605953 0.502145 0.45915799999999996 
CyberSecurityNL-4_5_10_A:0.110648 0.628788 0.5301049999999999 1.233427 0.012084 1.100995 0.7529079999999999 0.27816399999999997 0.614092 0.645524 0.6738799999999999 0.484724 0.5416989999999999 0.576714 0.546516 0.507458 0.48895999999999995 0.28342 0.670346 0.667337 0.484894 0.507558 0.33949999999999997 0.475904 0.315222 0.28375 0.47449199999999997 0.513093 0.301549 0.444 0.397067 0.341091 0.443832 0.442553 
CyberSecurityNL-4_6_1_Ab:1.04335 0.733765 1.942457 0.922252 0.011755999999999999 0.5657059999999999 0.845992 0.6834439999999999 0.701831 0.7556539999999999 0.7930929999999999 0.7473489999999999 0.761617 0.643901 0.8398749999999999 0.7217739999999999 0.6644709999999999 0.7653139999999999 0.850194 0.761253 0.801296 0.794392 0.676466 0.827668 0.7073729999999999 0.57296 0.759077 1.353592 0.7723829999999999 1.032545 0.7106439999999999 0.669945 0.7351479999999999 1.026578 
CyberSecurityNL-4_6_2_Ab:0.839957 1.362666 1.205169 1.591484 1.073324 0.42133099999999996 0.500196 0.6636 0.612441 0.686782 0.398937 0.449465 0.375726 0.629416 0.44200399999999995 0.900473 0.40634699999999996 0.6308349999999999 0.431208 0.573769 0.543002 0.647484 0.7568659999999999 0.516876 0.615729 0.530127 
CyberSecurityNL-4_6_3_Ab:1.117359 1.4191880000000001 1.180443 1.5989309999999999 0.007474 0.7316659999999999 0.9754309999999999 0.6919139999999999 0.7172219999999999 0.613673 0.7739039999999999 0.575889 0.692249 0.463902 0.570699 0.663847 0.6966479999999999 0.669798 0.606296 0.778546 0.83982 0.46587 0.761583 0.7195779999999999 0.697556 0.40368099999999996 0.769054 0.876644 0.581939 0.560117 0.83765 0.35181 0.579311 
CyberSecurityNL-4_6_4_Ab:0.9805919999999999 1.025216 1.248618 1.196103 0.016104999999999998 0.703306 0.937175 0.841603 0.704978 0.8065479999999999 0.689506 0.6927749999999999 0.5203289999999999 0.71161 0.6754979999999999 0.6009869999999999 0.838638 0.887944 0.73574 0.6096889999999999 1.017106 1.187793 0.759699 0.532453 0.7710309999999999 0.7929809999999999 0.674678 0.694302 0.5459379999999999 0.965846 0.5810649999999999 0.9696589999999999 0.6336609999999999 0.7945909999999999 0.5442319999999999 0.6103149999999999 0.633181 
CyberSecurityNL-4_6_5_Ab:0.452907 0.36167099999999996 0.380832 0.195147 0.099561 0.601073 0.811785 0.798516 0.5971679999999999 0.597282 0.7889269999999999 0.593764 0.779799 0.653193 0.48103999999999997 0.6135039999999999 1.059969 0.575149 0.6071259999999999 0.544277 0.888164 0.785204 0.52596 0.986305 0.766126 0.604762 0.588293 0.640652 0.5235339999999999 0.6787099999999999 1.014873 0.6203409999999999 
CyberSecurityNL-4_6_6_Ab:0.548855 1.508296 2.115834 2.049698 0.07371599999999999 0.143565 0.74571 0.467503 0.826719 0.6892389999999999 0.581958 0.583036 0.722109 0.641241 0.61308 0.738421 0.5293519999999999 0.8675379999999999 0.820836 0.60595 0.714599 0.939288 0.5879989999999999 0.693726 0.830395 0.642098 0.7765 0.6818529999999999 0.625719 0.642709 0.940334 0.5647179999999999 0.887161 0.713174 0.7212179999999999 0.855899 0.8909429999999999 
CyberSecurityNL-4_6_7_Ab:1.036777 0.863348 0.7826989999999999 0.7439739999999999 0.007947 0.763664 0.813241 0.47396099999999997 0.7134769999999999 0.681028 0.588413 0.43089 0.7106169999999999 0.620126 0.538522 0.8407009999999999 0.5615669999999999 0.914559 0.63455 0.884145 0.517273 0.7295969999999999 0.726606 1.03037 0.691637 0.8248519999999999 0.43897899999999995 0.779208 0.7100869999999999 0.9007729999999999 0.649237 0.933759 1.205949 0.7831049999999999 0.534153 0.7837759999999999 0.667333 
CyberSecurityNL-4_6_8_Ab:1.615707 1.6351879999999999 0.994814 0.7013579999999999 0.043788 0.9672109999999999 0.874748 0.5588949999999999 0.735698 0.733726 0.77781 0.533556 0.7022539999999999 0.858873 0.713299 0.8158519999999999 0.6900229999999999 0.802682 0.72034 0.8497469999999999 0.707185 0.8477629999999999 0.60643 0.88979 0.6705949999999999 0.636624 0.827334 0.815 0.76071 0.7046 0.671516 0.688852 0.583194 0.7804989999999999 0.681437 0.733885 0.559712 
CyberSecurityNL-4_6_9_Ab:1.950359 0.42912799999999995 0.579542 0.6874549999999999 0.006809 1.255644 0.534257 0.5501039999999999 0.8493269999999999 0.805035 0.603765 0.69727 0.880127 0.670443 0.6344259999999999 0.548362 0.8077369999999999 0.811873 0.617057 0.5221399999999999 0.624419 0.621042 0.6362559999999999 0.6209089999999999 0.651677 1.212511 0.671782 0.6468929999999999 0.601877 0.7475069999999999 0.680493 0.6843359999999999 0.600034 
CyberSecurityNL-4_6_10_A:0.7156699999999999 1.31803 0.545428 0.7616689999999999 0.578086 0.681607 0.568701 0.761639 0.6198239999999999 0.9247219999999999 0.535605 0.800055 0.696454 0.943336 0.558188 0.5818829999999999 0.5680339999999999 0.491048 0.506776 0.814452 0.43591599999999997 0.591401 0.538544 0.892014 0.475363 0.515815 0.642581 0.649462 0.525612 0.8590679999999999 0.5397959999999999 0.796856 0.406352 0.65789 0.54008 
CyberSecurityNL-4_7_1_Ab:1.500709 0.430973 0.440558 0.177443 0.06879199999999999 1.191498 0.8928579999999999 0.691217 0.80548 1.001487 0.9861 0.5585019999999999 0.810041 0.802369 0.630792 0.890432 0.904358 0.8534299999999999 0.779319 0.645423 0.7561129999999999 1.024945 0.814915 0.667258 0.855362 0.8163119999999999 0.798696 0.598634 0.8080269999999999 0.768054 0.751682 0.750454 0.5764659999999999 0.768968 
CyberSecurityNL-4_7_2_Ab:1.498848 1.319525 1.70328 1.353675 0.689199 0.7686879999999999 0.626957 0.9195599999999999 0.973197 1.076181 0.919211 0.7862119999999999 0.79399 1.013272 1.089341 0.680767 0.830791 1.160489 0.6918909999999999 0.9447519999999999 0.8630399999999999 1.180764 0.8155279999999999 0.7708389999999999 0.63698 1.166165 0.992243 0.839351 0.7514379999999999 1.152154 0.962499 0.9196209999999999 0.849846 1.03089 0.6981499999999999 0.922943 0.691244 0.674303 1.056222 0.9266829999999999 
CyberSecurityNL-4_7_3_Ab:0.6475029999999999 0.745288 0.980548 1.595713 0.007796 0.9159349999999999 0.9380029999999999 0.740641 0.785087 0.9643799999999999 0.5722999999999999 0.830653 0.7518009999999999 0.900094 0.793198 0.799337 0.873879 0.93367 0.731217 0.826243 0.7566649999999999 0.7831549999999999 0.663624 0.661849 0.5989329999999999 0.8115899999999999 1.223635 0.805178 1.03837 0.695925 0.639865 0.687237 0.536862 0.750251 0.6334369999999999 0.7155969999999999 0.493284 0.7253539999999999 0.829102 0.72199 0.586919 0.662415 0.684147 0.7701899999999999 0.9405979999999999 0.811425 0.7415309999999999 0.759729 
CyberSecurityNL-4_7_4_Ab:0.843196 1.341406 3.005197 1.943824 0.793106 0.9283819999999999 0.955716 0.798059 0.9714729999999999 0.8043199999999999 0.946774 0.884882 0.769199 1.013409 1.091046 0.997857 0.7877299999999999 1.06807 0.945963 1.002767 0.933677 0.9309299999999999 0.858634 1.026508 0.875846 0.8739049999999999 0.694105 1.175319 0.909461 1.010007 0.6914589999999999 
CyberSecurityNL-4_7_5_Ab:0.517458 1.654354 1.585559 1.466282 1.027639 0.8566849999999999 0.9317369999999999 1.153453 0.744285 0.936496 1.035194 0.7769619999999999 0.7201489999999999 0.7998259999999999 0.842733 0.912153 0.7300749999999999 0.937979 0.933797 0.60178 0.81406 0.741811 0.915607 0.568794 0.9200689999999999 0.822638 0.8676729999999999 0.6789919999999999 0.8055 0.80929 
CyberSecurityNL-4_7_6_Ab:1.21431 1.4610349999999999 1.6326999999999998 0.972611 0.01329 1.232323 0.8344189999999999 0.7665029999999999 1.008386 0.766965 0.655899 0.854298 1.1763569999999999 0.51459 0.850364 1.023509 1.043037 0.9760019999999999 0.704341 1.138994 1.226054 0.699935 0.971741 0.965947 0.770498 0.671713 0.8343689999999999 0.8945679999999999 0.96385 0.785249 0.627999 0.865977 0.9649049999999999 0.963004 0.625884 
CyberSecurityNL-4_7_7_Ab:1.53647 1.313228 1.223064 0.253986 1.219135 0.903299 0.796717 0.593905 1.182097 0.805209 0.622535 0.799816 0.7559549999999999 0.852401 0.748483 0.874474 0.9462609999999999 0.6673589999999999 0.657928 0.973482 0.932955 0.974015 0.596255 0.618883 1.449382 0.6049059999999999 1.118396 0.861961 0.9602339999999999 0.842108 0.9498989999999999 0.629977 0.7098909999999999 0.8218179999999999 0.873327 0.9553499999999999 0.8540129999999999 1.1972990000000001 0.893972 
CyberSecurityNL-4_7_8_Ab:1.274245 0.595303 0.9201619999999999 1.907754 0.017775 0.717035 0.903791 0.9549179999999999 0.957448 0.9711329999999999 0.761751 1.145691 0.7156049999999999 0.876871 0.93438 1.438839 0.8453189999999999 1.364154 1.001267 0.940446 0.859611 1.069869 0.856945 0.9016679999999999 0.750968 0.744273 1.054235 0.918067 0.849889 1.195649 1.159994 
CyberSecurityNL-4_7_9_Ab:1.270453 1.873288 1.5176699999999999 1.212745 0.084974 1.029907 1.150639 1.006495 1.099926 1.080117 1.017787 0.84246 1.058168 0.726483 0.84685 0.7404419999999999 1.225281 0.9019619999999999 0.985903 0.836332 1.336724 0.7076279999999999 0.910014 0.9212349999999999 1.2236799999999999 0.722629 1.185338 0.802916 0.829911 0.7105779999999999 1.071413 0.868344 0.923914 0.712666 
CyberSecurityNL-4_7_10_A:0.7249289999999999 1.016243 1.064009 1.564085 0.06662599999999999 1.467382 1.146194 0.7545769999999999 1.01307 1.000866 0.8506309999999999 0.8469249999999999 0.871158 1.155429 0.8237209999999999 0.813739 0.8429089999999999 1.225468 0.741413 1.209971 1.138277 1.042687 0.851192 0.938877 0.849093 0.9544039999999999 0.775736 0.7282299999999999 0.963147 0.7883469999999999 0.94219 0.72026 
CyberSecurityNL-4_8_1_Ab:1.206443 1.051468 1.174447 1.296991 0.691268 0.9995229999999999 1.372171 0.9664969999999999 1.52712 1.0145 1.04957 1.06719 1.177231 1.071539 1.245727 1.062293 1.370188 1.161583 1.005852 1.221666 1.513319 0.878872 1.2302089999999999 1.467108 1.209006 1.371631 1.0721289999999999 1.073292 1.118927 1.39965 
CyberSecurityNL-4_8_2_Ab:0.9642769999999999 0.934855 1.08799 1.931331 0.543665 0.788651 1.14528 1.177425 1.099863 1.120855 1.150296 1.0954139999999999 0.971148 0.7851589999999999 0.895226 1.27441 0.9665549999999999 0.809462 0.974212 1.104847 1.034 0.8354469999999999 1.136711 1.259334 1.05411 1.162058 0.8903289999999999 0.9555009999999999 0.983714 0.9712949999999999 0.901941 0.7635799999999999 1.078264 1.030673 0.9080579999999999 
CyberSecurityNL-4_8_3_Ab:1.674755 0.72841 1.881056 1.630124 1.374118 1.317181 1.057434 1.109261 0.934873 1.169873 1.135309 1.136435 1.028907 1.230785 0.933454 0.9450259999999999 0.842271 1.260162 1.004629 1.1613229999999999 1.02698 1.25587 1.164153 1.020142 1.385323 1.164844 0.963243 0.987563 1.04611 1.229657 1.093578 0.982074 
CyberSecurityNL-4_8_4_Ab:1.965325 0.408501 1.67607 0.644886 1.438726 1.290045 0.8750249999999999 1.200877 1.161325 1.183399 0.879899 1.578724 0.9564499999999999 1.195063 0.930593 1.176184 1.079806 0.8672409999999999 0.739713 1.111283 1.065449 1.121298 1.474508 1.220393 0.862259 0.8345849999999999 1.115036 1.014846 1.3100049999999999 1.01152 0.8909579999999999 1.0700479999999999 1.307523 1.009125 
CyberSecurityNL-4_8_5_Ab:1.488791 1.073605 0.8918619999999999 1.778435 0.00878 1.48084 1.159503 1.004643 1.117921 1.050752 1.119171 1.283166 0.763671 1.232106 0.925882 1.037612 0.902802 1.069049 1.054683 1.230906 0.9967699999999999 1.358197 1.019518 1.220669 0.895073 1.198057 1.281976 1.2339959999999999 0.9515579999999999 1.261597 1.252716 1.292821 1.021642 1.425821 1.3888099999999999 1.00615 0.86217 1.416925 
CyberSecurityNL-4_8_6_Ab:0.609783 2.517638 1.679983 0.7942199999999999 0.8155209999999999 0.803406 1.24356 0.789338 1.268516 1.513717 1.128649 1.059106 1.191784 1.248777 1.215399 0.9534809999999999 1.079543 1.003663 0.9971249999999999 0.9775609999999999 1.138171 1.135284 1.127907 0.716938 1.166242 1.210363 0.935282 0.95741 0.992911 1.216547 
CyberSecurityNL-4_8_7_Ab:1.427187 0.724109 1.727233 0.985057 1.112018 1.015853 1.058328 0.782605 1.283579 1.19494 1.043164 0.870737 1.255434 1.363405 1.4067889999999998 1.180112 1.222152 1.178328 1.13681 1.094712 1.198572 1.18558 1.184427 0.98081 0.997153 1.27545 1.20825 1.60045 1.189128 1.028761 1.347217 1.251522 1.045252 1.266473 1.165577 0.939812 1.315967 1.279858 
CyberSecurityNL-4_8_8_Ab:1.838709 1.683577 1.557039 2.11962 0.022158 1.188684 1.106055 1.088833 1.424523 1.106522 1.029786 1.179577 1.168187 1.117084 1.046678 1.1502729999999999 1.16039 1.1872989999999999 1.107196 1.187259 1.451991 1.229086 1.67379 1.731151 1.126455 1.071458 1.133396 1.367761 1.296833 1.065315 1.137575 
CyberSecurityNL-4_8_9_Ab:1.425899 1.110438 1.250237 0.9978189999999999 0.008339 1.224012 1.206831 0.90818 1.296813 1.3212139999999999 1.135436 0.9147879999999999 1.161734 1.009215 1.026666 1.131032 1.009856 1.163376 1.045225 1.112521 1.305461 1.103061 1.16994 1.134447 1.167396 1.176723 0.94165 1.218013 1.141286 1.07443 1.016464 0.832831 
CyberSecurityNL-4_8_10_A:1.570508 1.5195029999999998 2.317604 1.2896670000000001 0.008203 0.900656 0.899733 0.897702 1.203855 0.620416 1.309317 1.2937699999999999 0.908713 0.9276979999999999 1.234612 1.143553 1.266235 1.0769009999999999 1.132132 1.077039 0.8052659999999999 0.8250099999999999 1.178791 1.221222 0.785574 1.239498 1.8107820000000001 1.217364 0.858113 0.892536 1.065877 0.9910329999999999 0.854753 
CyberSecurityNL-4_9_1_Ab:1.233498 1.030121 1.2302629999999999 1.846852 1.572441 1.292266 1.606514 1.342322 1.399036 1.315931 1.341509 1.270869 1.118257 1.113114 1.267655 1.296671 1.300522 1.296594 1.313525 1.0735190000000001 1.042775 1.124884 1.260065 1.053997 1.175799 1.275212 1.369167 1.165459 1.088355 1.341404 1.7044 1.60244 1.427033 1.314648 1.086212 1.264553 1.416441 1.125092 1.01174 1.286663 1.147298 1.161971 0.9972289999999999 
CyberSecurityNL-4_9_2_Ab:0.9735689999999999 1.370515 1.035111 1.256053 1.628791 1.314265 1.3120699999999998 0.9959129999999999 1.375425 1.4321139999999999 1.1172469999999999 1.366471 1.286419 1.305445 1.216279 1.035376 1.20902 1.228349 0.999525 0.965341 1.2512189999999999 1.21679 1.2142629999999999 1.059838 1.576841 1.03905 1.458404 1.08611 1.299717 1.2842069999999999 1.04821 1.179343 2.138126 1.492012 1.045922 
CyberSecurityNL-4_9_3_Ab:1.135166 1.0459559999999999 0.6987519999999999 0.9540869999999999 1.558533 2.346268 1.538345 1.36869 1.6560009999999998 1.4776829999999999 1.215855 1.30276 1.413722 1.484398 1.096312 1.5663559999999999 1.450982 1.447292 1.170183 1.124447 1.445535 1.389558 1.253228 1.478971 1.290159 1.490236 1.148515 1.439635 1.351315 1.623702 1.116783 
CyberSecurityNL-4_9_4_Ab:0.602772 3.031439 1.983418 0.784179 1.324967 0.672408 1.534131 0.9138989999999999 1.5624310000000001 1.360838 1.349878 1.269657 1.2470919999999999 1.6083020000000001 1.295248 1.490577 1.309358 1.294568 1.335814 1.285544 1.194821 1.334836 1.38012 1.696679 1.15507 1.300035 1.2738559999999999 1.61866 1.2579989999999999 1.4260709999999999 1.289876 1.283841 1.266168 
CyberSecurityNL-4_9_5_Ab:1.33455 1.446608 1.641842 1.2535560000000001 0.402576 1.281691 1.9018 1.260151 1.330877 2.201528 1.317185 1.1092819999999999 1.2708979999999999 1.219377 1.340118 1.641716 1.279223 1.125457 1.208134 1.581764 1.252909 1.262618 1.262302 1.399099 1.507721 1.260914 1.173501 1.232303 1.288416 1.339866 1.171543 
CyberSecurityNL-4_9_6_Ab:1.106513 1.437683 1.195155 1.505017 0.052663999999999996 1.240101 1.2869519999999999 1.241395 1.467925 1.7415289999999999 1.165016 1.1260729999999999 1.127784 1.458226 0.981034 1.318295 1.107188 1.302769 1.032493 1.274148 1.417772 1.4863659999999999 0.867849 1.135587 1.16114 1.41435 1.093923 1.221825 1.303309 1.311094 1.136285 1.515632 1.297504 1.8363049999999999 1.4169640000000001 1.262368 0.899254 1.609783 1.408498 
CyberSecurityNL-4_9_7_Ab:1.403069 1.176806 0.708673 1.965622 0.041731 1.040815 1.794281 1.1871369999999999 1.445369 1.352906 1.988386 1.197365 1.255624 1.226118 1.566482 0.9944369999999999 1.434787 1.1950319999999999 1.50389 1.288467 1.21251 1.172565 1.396232 1.158118 1.410893 1.137615 1.64178 1.255118 1.079343 1.208928 1.240624 1.638803 1.276902 1.132376 1.122214 1.644864 
CyberSecurityNL-4_9_8_Ab:0.7020959999999999 1.007388 2.141188 1.555921 0.037136999999999996 1.17897 1.220136 1.216202 1.466592 1.173258 1.5059580000000001 1.408083 1.410298 1.420335 1.181616 1.366825 1.314562 1.595228 1.187936 1.229553 1.239697 1.401093 1.213298 1.456885 1.309783 1.420647 1.465418 1.288373 1.417242 1.211763 1.290658 1.364366 1.371795 
CyberSecurityNL-4_9_9_Ab:2.049181 1.332628 1.235464 1.241981 0.089539 1.44949 1.722598 1.129726 1.40743 2.209025 1.17851 1.128589 1.41949 1.6847699999999999 0.9631 1.228653 1.199146 1.257927 0.92479 1.551677 1.323899 1.204238 1.101864 1.333874 1.406096 1.253928 0.9830209999999999 1.442978 1.229879 1.249105 
CyberSecurityNL-4_9_10_A:1.387963 1.03126 0.427602 1.220285 0.7860929999999999 1.152857 1.011053 1.187999 1.292949 1.417081 1.15731 1.829178 1.21265 1.247948 1.173472 1.295118 1.12009 1.183106 1.029225 1.184329 1.159563 1.179703 1.013747 1.2859479999999999 1.00897 1.243474 1.185088 1.189839 1.006805 1.145255 1.113339 1.269326 1.249426 1.167988 1.230286 1.041624 1.074828 1.1275249999999999 1.247857 
CyberSecurityNL-4_10_1_A:2.021493 3.011886 1.064709 1.390798 2.701631 1.926308 1.269433 1.065403 2.023775 2.015676 1.4321899999999999 1.5737869999999998 1.159884 1.636397 1.606511 1.66532 1.680678 1.648011 1.303267 1.604838 1.408985 1.567103 1.9501469999999999 1.300074 1.433492 1.65767 1.378058 1.484476 1.521865 2.225272 1.467411 1.480353 1.5883189999999998 2.368258 
CyberSecurityNL-4_10_2_A:1.539151 1.6278730000000001 0.938653 0.7310249999999999 0.052159 1.123769 2.470633 1.2829760000000001 2.427758 1.464748 1.670639 1.5279099999999999 1.894974 1.406742 1.786785 1.7819889999999998 1.627186 1.735398 1.7857129999999999 1.8106559999999998 1.735017 1.426333 2.177418 1.638934 1.835127 2.402774 1.9214639999999998 1.730239 1.7323499999999998 1.7671549999999998 2.021727 1.346104 1.859562 1.7704659999999999 
CyberSecurityNL-4_10_3_A:1.202477 1.3494410000000001 1.530628 1.085042 0.5324099999999999 1.232995 1.7663769999999999 1.272885 2.001947 1.609814 1.5133839999999998 1.212585 1.6469269999999998 1.761185 1.491005 1.300796 1.5556489999999998 1.7424119999999998 1.743758 1.520315 1.216616 1.82322 1.4812509999999999 1.306316 1.465239 1.573445 1.428003 1.5038749999999999 1.518389 1.2595239999999999 1.609169 1.597315 1.504257 1.357464 1.5419969999999998 1.3581159999999999 1.935023 1.378638 1.50407 1.357308 2.078532 1.20482 1.440863 1.405018 1.505374 
CyberSecurityNL-4_10_4_A:1.072651 1.011196 1.765668 1.924524 1.352474 1.2557399999999999 2.1512539999999998 1.091091 2.6379770000000002 1.812948 1.689092 1.3481079999999999 2.117173 1.40977 1.5611869999999999 1.318933 1.643047 1.391924 1.467873 1.481218 1.6988919999999998 1.37338 1.602194 1.4444569999999999 1.755002 1.351078 1.4196689999999998 1.209568 1.6880799999999998 1.54829 1.870987 1.5562969999999998 1.664464 1.8471899999999999 1.373465 1.189493 1.7359019999999998 1.847678 
CyberSecurityNL-4_10_5_A:0.565978 1.369832 1.729574 2.268706 0.01985 1.802058 1.84181 1.61707 1.809496 1.478956 1.4513099999999999 2.827491 1.259021 1.933104 1.246763 2.39762 1.496341 1.502129 1.432853 2.059895 1.456393 1.352157 1.495137 2.376543 1.535571 1.405272 1.497306 2.061249 1.645416 1.463177 1.484461 2.692824 1.52616 2.320389 1.35447 1.972959 1.519288 1.717864 2.474921 1.567116 1.60053 1.603088 
CyberSecurityNL-4_10_6_A:1.468459 1.8076979999999998 1.5091299999999999 2.920713 1.472024 1.498278 1.491329 2.019789 1.608658 1.960511 1.575336 1.6435849999999999 1.6314959999999998 1.888944 1.159983 1.813876 1.415943 1.833683 1.239886 1.752635 1.7255099999999999 1.351188 1.559797 1.4908329999999999 1.416535 1.886736 1.709925 2.12965 1.618191 1.339473 1.476206 1.7269869999999998 1.603473 1.890867 1.509645 1.174484 1.71376 1.650307 1.8292259999999998 1.862952 2.135764 1.318763 1.8070330000000001 
CyberSecurityNL-4_10_7_A:1.001218 1.226423 0.8252959999999999 1.642636 1.799005 1.318467 1.107307 1.153464 1.868741 1.334603 1.196545 1.356051 1.5448680000000001 1.326414 1.161484 1.822391 1.713251 1.356691 1.040356 1.421681 1.773615 1.31328 1.38428 1.491292 1.671991 1.387537 1.126984 1.5402909999999999 1.255753 1.439604 1.4411 1.396096 1.510269 1.469628 
CyberSecurityNL-4_10_8_A:1.037585 1.81538 0.510827 1.896112 0.015673 2.394661 1.8976259999999998 1.542332 2.130864 2.189192 1.852334 2.5217229999999997 1.489546 2.096229 1.726394 1.71767 1.613525 1.667605 1.7738589999999999 1.724035 1.583841 1.826662 1.5869849999999999 1.983807 1.815599 1.787751 1.592244 2.012781 1.628283 2.048022 1.799329 1.808056 1.7393239999999999 1.945055 1.714283 
CyberSecurityNL-4_10_9_A:1.6651829999999999 1.157338 2.109579 1.338193 1.036849 3.353078 1.8982549999999998 1.7937750000000001 2.387582 1.807812 1.266009 1.438817 1.7732869999999998 1.5878700000000001 1.6162459999999998 1.581471 2.414977 1.5253139999999998 1.528327 1.682706 1.691637 1.958586 1.5919249999999998 1.904879 1.799427 1.595091 1.592106 1.5580129999999999 2.57714 1.581032 
CyberSecurityNL-4_10_10_:2.1606 1.333683 2.3118309999999997 0.943448 1.502341 1.322185 2.464206 1.191087 2.451663 1.827023 1.635044 1.4558849999999999 1.768535 1.882727 1.52209 1.600123 1.5283419999999999 1.940268 1.61748 1.626147 1.956178 2.009555 1.638487 1.602372 1.96738 2.110359 1.622087 1.5519319999999999 1.8004419999999999 1.871205 2.724433 1.546942 
